1	     1	 1	13797828	1359125768.775157 
1	     3	 2	 7773	1359125768.775157 
0	     1	 1	13814137	1359125782.589294 
1	     4	 1	 8537	1359125782.589294 
0	     6	 5	 8533	1359125782.597827 
0	    10	 4	 7541	1359125782.605368 
0	    17	 7	 7749	1359125782.613117 
0	    30	13	 6965	1359125782.620082 
1	     1	-3	34626	1359125782.620082 
0	    37	 7	 8179	1359125782.628261 
1	    -2	-3	 7525	1359125782.628261 
0	    46	 9	 7673	1359125782.635934 
1	    -7	-5	 6844	1359125782.635934 
0	    58	12	 5831	1359125782.641765 
1	    -9	-2	 7676	1359125782.641765 
0	    75	17	 7402	1359125782.649167 
1	   -12	-3	 9569	1359125782.649167 
0	    87	12	 6892	1359125782.656059 
1	   -16	-4	 8003	1359125782.656059 
0	    95	 8	 7631	1359125782.663690 
1	   -23	-7	 7571	1359125782.663690 
0	   111	16	13723	1359125782.677413 
1	   -32	-9	14546	1359125782.677413 
0	   121	10	 7968	1359125782.685381 
1	   -37	-5	 7812	1359125782.685381 
0	   130	 9	 6058	1359125782.691439 
1	   -41	-4	 6173	1359125782.691439 
0	   141	11	 6848	1359125782.698287 
1	   -44	-3	 7596	1359125782.698287 
0	   152	11	 7172	1359125782.705459 
1	   -46	-2	 8076	1359125782.705459 
0	   158	 6	 6442	1359125782.711901 
1	   -51	-5	 8273	1359125782.711901 
0	   166	 8	 9449	1359125782.721350 
1	   -56	-5	 8646	1359125782.721350 
0	   173	 7	 6296	1359125782.727646 
1	   -59	-3	 7596	1359125782.727646 
0	   182	 9	 8053	1359125782.735699 
1	   -61	-2	 7577	1359125782.735699 
0	   189	 7	 7505	1359125782.743204 
1	   -65	-4	 8193	1359125782.743204 
0	   194	 5	 7579	1359125782.750783 
1	   -69	-4	 7750	1359125782.750783 
0	   197	 3	 7891	1359125782.758674 
1	   -72	-3	 7566	1359125782.758674 
0	   199	 2	 6476	1359125782.765150 
1	   -74	-2	 6182	1359125782.765150 
0	   200	 1	 8195	1359125782.773345 
1	   -79	-5	 8165	1359125782.773345 
0	   201	 1	 8535	1359125782.781880 
1	   -83	-4	 7831	1359125782.781880 
0	   202	 1	 7676	1359125782.789556 
1	   -85	-2	 7043	1359125782.789556 
0	   203	 1	 9052	1359125782.798608 
1	   -89	-4	 8610	1359125782.798608 
0	   202	-1	 8195	1359125782.806803 
1	   -92	-3	 7613	1359125782.806803 
1	   -95	-3	 8537	1359125782.806803 
1	  -101	-6	15567	1359125782.806803 
1	  -104	-3	 8907	1359125782.806803 
0	   201	-1	40140	1359125782.846942 
1	  -105	-1	 6106	1359125782.846942 
0	   197	-4	 8521	1359125782.855464 
1	  -107	-2	 8536	1359125782.855464 
0	   193	-4	 8208	1359125782.863672 
1	  -110	-3	 8406	1359125782.863672 
0	   187	-6	 6831	1359125782.870502 
1	  -113	-3	 7642	1359125782.870502 
0	   181	-6	 8711	1359125782.879214 
1	  -116	-3	 9053	1359125782.879214 
0	   175	-6	 7579	1359125782.886793 
1	  -118	-2	 8196	1359125782.886793 
0	   170	-5	 6678	1359125782.893471 
1	  -120	-2	 7680	1359125782.893471 
0	   164	-6	 8694	1359125782.902165 
1	  -124	-4	 8892	1359125782.902165 
0	   159	-5	 7269	1359125782.909434 
1	  -126	-2	 7500	1359125782.909434 
0	   154	-5	 7514	1359125782.916948 
1	  -129	-3	 7855	1359125782.916948 
0	   149	-5	 5793	1359125782.922741 
1	  -132	-3	 7663	1359125782.922741 
0	   142	-7	 7857	1359125782.930598 
1	  -134	-2	 7355	1359125782.930598 
0	   136	-6	 7647	1359125782.938245 
1	  -136	-2	 8191	1359125782.938245 
0	   130	-6	 6970	1359125782.945215 
1	  -139	-3	 8871	1359125782.945215 
0	   124	-6	 8191	1359125782.953406 
1	  -141	-2	 7857	1359125782.953406 
0	   118	-6	 7731	1359125782.961137 
1	  -143	-2	 8193	1359125782.961137 
0	   113	-5	 7700	1359125782.968837 
1	  -145	-2	 8407	1359125782.968837 
0	   107	-6	 7957	1359125782.976794 
1	  -146	-1	 7982	1359125782.976794 
0	   101	-6	 7698	1359125782.984492 
1	  -148	-2	 8537	1359125782.984492 
0	    96	-5	 6843	1359125782.991335 
1	  -150	-2	 7337	1359125782.991335 
0	    91	-5	 6175	1359125782.997510 
1	  -152	-2	 7769	1359125782.997510 
0	    85	-6	 7953	1359125783.005463 
1	  -154	-2	 8638	1359125783.005463 
0	    79	-6	 7075	1359125783.012538 
1	  -156	-2	 7666	1359125783.012538 
0	    73	-6	 7247	1359125783.019785 
1	  -158	-2	 7602	1359125783.019785 
0	    67	-6	 8459	1359125783.028244 
1	  -160	-2	 9263	1359125783.028244 
0	    61	-6	 8193	1359125783.036437 
1	  -162	-2	 8292	1359125783.036437 
0	    55	-6	 7513	1359125783.043950 
1	  -164	-2	 8136	1359125783.043950 
0	    49	-6	 8537	1359125783.052487 
1	  -165	-1	 7681	1359125783.052487 
0	    44	-5	 7375	1359125783.059862 
1	  -166	-1	 7339	1359125783.059862 
0	    38	-6	 7990	1359125783.067852 
1	  -167	-1	 8536	1359125783.067852 
0	    33	-5	 6668	1359125783.074520 
1	  -169	-2	 7495	1359125783.074520 
0	    29	-4	 6126	1359125783.080646 
1	  -170	-1	 7719	1359125783.080646 
0	    24	-5	 6829	1359125783.087475 
1	  -171	-1	 8625	1359125783.087475 
0	    18	-6	 7822	1359125783.095297 
1	  -172	-1	 8251	1359125783.095297 
0	    13	-5	 8400	1359125783.103697 
1	  -173	-1	 9388	1359125783.103697 
0	     7	-6	 7168	1359125783.110865 
1	  -174	-1	 8191	1359125783.110865 
0	     1	-6	 8623	1359125783.119488 
1	  -175	-1	 8535	1359125783.119488 
0	    -3	-4	 6016	1359125783.125504 
1	  -176	-1	 6817	1359125783.125504 
0	    -8	-5	 7884	1359125783.133388 
1	  -177	-1	 8195	1359125783.133388 
0	   -14	-6	 9290	1359125783.142678 
1	  -178	-1	 9393	1359125783.142678 
0	   -19	-5	 8221	1359125783.150899 
0	   -23	-4	 7073	1359125783.157972 
1	  -179	-1	16214	1359125783.157972 
0	   -28	-5	 7513	1359125783.165485 
1	  -180	-1	 8537	1359125783.165485 
0	   -33	-5	 8030	1359125783.173515 
0	   -37	-4	 6827	1359125783.180342 
1	  -181	-1	15867	1359125783.180342 
0	   -42	-5	 9442	1359125783.189784 
0	   -46	-4	 7575	1359125783.197359 
1	  -182	-1	17073	1359125783.197359 
0	   -50	-4	 7758	1359125783.205117 
0	   -54	-4	 8058	1359125783.213175 
1	  -183	-1	16213	1359125783.213175 
0	   -58	-4	 8469	1359125783.221644 
1	  -184	-1	 9396	1359125783.221644 
0	   -62	-4	 7339	1359125783.228983 
0	   -67	-5	 8315	1359125783.237298 
1	  -185	-1	15876	1359125783.237298 
0	   -71	-4	 7724	1359125783.245022 
0	   -75	-4	 8021	1359125783.253043 
1	  -186	-1	16732	1359125783.253043 
0	   -78	-3	 7181	1359125783.260224 
1	  -187	-1	 7337	1359125783.260224 
0	   -82	-4	 7319	1359125783.267543 
0	   -85	-3	 7188	1359125783.274731 
1	  -188	-1	16214	1359125783.274731 
0	   -89	-4	 7511	1359125783.282242 
0	   -92	-3	 7518	1359125783.289760 
0	   -95	-3	 8531	1359125783.298291 
1	  -189	-1	25608	1359125783.298291 
0	   -99	-4	 7857	1359125783.306149 
0	  -102	-3	 7855	1359125783.314003 
1	  -190	-1	16735	1359125783.314003 
0	  -105	-3	 8537	1359125783.322541 
0	  -108	-3	 7339	1359125783.329880 
1	  -191	-1	16217	1359125783.329880 
0	  -111	-3	 7337	1359125783.337217 
0	  -114	-3	 8193	1359125783.345410 
1	  -192	-1	16212	1359125783.345410 
0	  -117	-3	 7849	1359125783.353259 
0	  -119	-2	 7680	1359125783.360939 
1	  -193	-1	16212	1359125783.360939 
0	  -122	-3	 7854	1359125783.368793 
0	  -125	-3	 9051	1359125783.377844 
1	  -194	-1	17591	1359125783.377844 
0	  -127	-2	 8535	1359125783.386379 
0	  -130	-3	 7852	1359125783.394231 
0	  -132	-2	 7337	1359125783.401568 
0	  -134	-2	 8195	1359125783.409763 
1	  -195	-1	33281	1359125783.409763 
0	  -137	-3	 8183	1359125783.417946 
0	  -138	-1	 6667	1359125783.424613 
0	  -141	-3	 7631	1359125783.432244 
0	  -143	-2	 7870	1359125783.440114 
1	  -196	-1	32430	1359125783.440114 
0	  -145	-2	 7883	1359125783.447997 
0	  -147	-2	 8710	1359125783.456707 
0	  -149	-2	 8539	1359125783.465245 
0	  -151	-2	 7585	1359125783.472831 
1	  -197	-1	33803	1359125783.472831 
0	  -152	-1	 7086	1359125783.479917 
0	  -154	-2	 8539	1359125783.488456 
0	  -155	-1	 9054	1359125783.497509 
0	  -157	-2	 7337	1359125783.504847 
0	  -158	-1	 8534	1359125783.513381 
0	  -159	-1	 8534	1359125783.521914 
1	  -198	-1	50359	1359125783.521914 
0	  -161	-2	 8196	1359125783.530111 
0	  -162	-1	 8195	1359125783.538306 
0	  -163	-1	 6817	1359125783.545123 
0	  -164	-1	 8537	1359125783.553660 
0	  -165	-1	 8193	1359125783.561853 
0	  -166	-1	 8536	1359125783.570389 
0	  -167	-1	 8534	1359125783.578923 
1	  -199	-1	58029	1359125783.578923 
0	  -168	-1	17071	1359125783.595994 
0	  -169	-1	 8534	1359125783.604528 
0	  -170	-1	16217	1359125783.620745 
0	  -171	-1	40961	1359125783.661706 
0	  -170	 1	34078	1359125783.695784 
0	  -169	 1	199433	1359125783.895217 
0	  -167	 2	16732	1359125783.911949 
0	  -166	 1	16727	1359125783.928676 
0	  -165	 1	 7334	1359125783.936010 
0	  -164	 1	 7337	1359125783.943347 
0	  -163	 1	 9052	1359125783.952399 
0	  -162	 1	 8534	1359125783.960933 
0	  -161	 1	 8535	1359125783.969468 
0	  -160	 1	 8769	1359125783.978237 
0	  -159	 1	 7471	1359125783.985708 
0	  -158	 1	16362	1359125784.002070 
0	  -157	 1	 8534	1359125784.010604 
0	  -156	 1	 6881	1359125784.017485 
0	  -155	 1	 8134	1359125784.025619 
0	  -154	 1	17586	1359125784.043205 
0	  -153	 1	 8536	1359125784.051741 
0	  -152	 1	 7337	1359125784.059078 
0	  -151	 1	 8191	1359125784.067269 
0	  -150	 1	15867	1359125784.083136 
0	  -149	 1	 7830	1359125784.090966 
0	  -148	 1	16241	1359125784.107207 
0	  -147	 1	 8536	1359125784.115743 
0	  -146	 1	15871	1359125784.131614 
0	  -145	 1	 8749	1359125784.140363 
0	  -144	 1	17719	1359125784.158082 
0	  -143	 1	 7678	1359125784.165760 
0	  -142	 1	16212	1359125784.181972 
0	  -141	 1	17588	1359125784.199560 
0	  -140	 1	16212	1359125784.215772 
0	  -139	 1	15013	1359125784.230785 
0	  -138	 1	17128	1359125784.247913 
0	  -137	 1	24357	1359125784.272270 
0	  -136	 1	25605	1359125784.297875 
0	  -135	 1	15871	1359125784.313746 
0	  -134	 1	32940	1359125784.346686 
0	  -133	 1	41817	1359125784.388503 
0	  -132	 1	59406	1359125784.447909 
0	  -133	-1	174382	1359125784.622291 
0	  -132	 1	875065	1359125785.497356 
0	  -131	 1	258263	1359125785.755619 
