0.016000	-0.011690	-0.129040	0.998950	0.488950	-0.058610	0.090810	0.051450	0.138340	0.286710
1359125774.918181	-0.011950	-0.128740	0.999410	0.359970	0.190770	0.066380	0.052630	0.138170	0.287500
1359125774.942181	-0.012180	-0.129220	0.999410	0.356180	0.035920	0.223250	0.052450	0.138130	0.287650
1359125774.962181	-0.012170	-0.129130	0.998780	0.538300	0.028610	0.168330	0.052650	0.137610	0.287400
1359125774.978181	-0.011830	-0.129410	0.999000	0.475150	0.071030	0.028340	0.052410	0.138010	0.286850
1359125774.994181	-0.011160	-0.129630	0.998540	0.666020	0.096170	0.127800	0.052530	0.137880	0.286990
1359125775.010181	-0.011320	-0.129060	1.000030	0.376970	0.055910	0.153990	0.051860	0.137680	0.287540
1359125775.026181	-0.011600	-0.129010	0.999520	0.552680	-0.097320	-0.123130	0.051430	0.138140	0.287680
1359125775.042181	-0.011660	-0.129010	0.999120	0.299600	0.224330	0.195960	0.051490	0.138210	0.287400
1359125775.058181	-0.012170	-0.129590	0.998200	0.352990	0.139900	0.159640	0.051860	0.137610	0.287890
1359125775.074181	-0.011500	-0.129410	0.999580	0.381860	0.055670	0.153960	0.051610	0.137940	0.288100
1359125775.090181	-0.011830	-0.129070	0.999580	0.382400	0.150280	0.169970	0.051800	0.138670	0.287540
1359125775.106181	-0.012010	-0.129650	0.999860	0.528660	0.044390	0.133050	0.050940	0.138010	0.288380
1359125775.122181	-0.011550	-0.129470	0.999520	0.363020	0.124110	-0.051030	0.051860	0.137810	0.287820
1359125775.138181	-0.012230	-0.129710	0.999060	0.524750	0.233520	0.229710	0.000000	0.000000	0.000000
1359125775.154181	-0.011960	-0.129090	0.999860	0.519780	0.158370	-0.008030	0.052060	0.137760	0.288550
1359125775.178181	-0.012170	-0.129360	0.999000	0.571690	-0.102710	0.222300	0.052030	0.137550	0.287590
1359125775.194181	-0.011890	-0.129180	0.999350	0.240600	0.177310	0.175510	0.051850	0.138010	0.288220
1359125775.210181	-0.011940	-0.129010	0.999750	0.392850	0.229010	0.049990	0.052400	0.137550	0.287660
1359125775.226181	-0.011610	-0.129580	0.999580	0.392210	0.087330	-0.081280	0.051790	0.137680	0.288500
1359125775.242181	-0.011820	-0.128840	0.999860	0.250270	0.177260	0.260820	0.051600	0.138280	0.287450
1359125775.258181	-0.012110	-0.129070	0.998830	0.357100	-0.001860	0.118680	0.051850	0.137410	0.287250
1359125775.274181	-0.012170	-0.129300	0.999520	0.362420	0.082110	0.169280	0.051910	0.138280	0.287730
1359125775.290181	-0.012230	-0.129540	1.000150	0.244780	-0.026980	-0.165980	0.051970	0.138210	0.287730
1359125775.306181	-0.011940	-0.129300	0.998720	0.543970	0.117840	0.013160	0.051670	0.137680	0.288080
1359125775.322181	-0.011870	-0.128550	0.999290	0.435900	0.107900	0.229320	0.051600	0.137880	0.287940
1359125775.338181	-0.011760	-0.128660	0.998830	0.495190	0.223180	0.309990	0.052090	0.137750	0.288640
1359125775.354181	-0.011780	-0.129350	0.998600	0.456400	0.228780	0.099590	0.051850	0.138280	0.287870
1359125775.370181	-0.011430	-0.129180	0.999690	0.582770	0.080990	0.097950	0.052150	0.138140	0.288150
1359125775.386181	-0.011720	-0.129240	0.999520	0.538380	0.028720	0.117920	0.052400	0.138080	0.287660
1359125775.402181	-0.011600	-0.128890	0.999290	0.323360	0.119150	0.250020	0.052280	0.137410	0.287320
1359125775.418181	-0.011100	-0.129340	0.999570	0.298080	0.014250	0.204340	0.052220	0.137680	0.287320
1359125775.434181	-0.011890	-0.129240	0.999520	0.440860	0.113220	0.204200	0.052950	0.137680	0.288080
1359125775.450181	-0.011710	-0.128890	0.999630	0.451000	0.139350	0.084120	0.052520	0.138210	0.287730
1359125775.466181	-0.012220	-0.129190	0.999580	0.259880	0.088260	0.034790	0.052220	0.137480	0.287800
1359125775.482181	-0.011650	-0.128600	0.998830	0.398500	0.365610	0.095530	0.051910	0.138010	0.288500
1359125775.498181	-0.011930	-0.128720	0.999120	0.452110	0.344280	0.160380	0.052400	0.137680	0.287390
1359125775.514181	-0.011870	-0.128490	0.999920	0.460440	0.081490	0.083580	0.052220	0.138080	0.287320
1359125775.530181	-0.012120	-0.129590	0.999920	0.407100	0.176380	0.129460	0.052280	0.137810	0.288150
1359125775.546181	-0.011500	-0.129410	0.999230	0.593090	0.138640	-0.017040	0.052340	0.138140	0.288360
1359125775.562181	-0.011660	-0.129010	0.998830	0.480430	0.154950	0.103990	0.052090	0.137940	0.286830
1359125775.578181	-0.011770	-0.128950	0.999000	0.424830	-0.085950	0.298460	0.052520	0.138410	0.287660
1359125775.594181	-0.012150	-0.128550	0.998610	0.372290	0.050600	-0.006440	0.052460	0.138670	0.287520
1359125775.610181	-0.011710	-0.128950	1.000550	0.490650	0.254730	0.209810	0.052400	0.138740	0.287730
1359125775.626181	-0.010920	-0.128820	0.999630	0.589110	0.285710	-0.036120	0.052220	0.138280	0.288010
1359125775.642181	-0.011100	-0.129290	0.999520	0.298810	0.082530	0.159580	0.051850	0.138480	0.288430
1359125775.658181	-0.011370	-0.128830	0.998780	0.554190	0.186060	0.003590	0.052280	0.138340	0.288150
1359125775.674181	-0.011820	-0.128890	0.999350	0.470400	0.149750	0.234390	0.052520	0.138810	0.287450
1359125775.690181	-0.011560	-0.129700	1.000380	0.273940	-0.006670	0.068910	0.052340	0.138670	0.288640
1359125775.706181	-0.011910	-0.129080	0.999080	0.490150	0.157040	0.155050	0.052110	0.137970	0.288160
1359125775.726181	-0.011640	-0.129080	0.999500	0.614670	0.042830	0.213920	0.052010	0.138560	0.288000
1359125775.746181	-0.011490	-0.129010	0.999750	0.446000	0.134140	0.129100	0.052460	0.138740	0.287390
1359125775.762181	-0.012780	-0.128970	0.998950	0.253810	-0.085100	0.118740	0.051540	0.137940	0.287730
1359125775.778181	-0.011780	-0.129640	0.999120	0.456430	0.202410	-0.015830	0.052220	0.138140	0.287390
1359125775.794181	-0.011760	-0.128320	0.999290	0.364080	0.329010	0.055690	0.051730	0.138540	0.287390
1359125775.810181	-0.011890	-0.129470	0.999580	0.432440	0.265570	-0.085460	0.051970	0.138540	0.287940
1359125775.826181	-0.011890	-0.129240	0.999060	0.393590	0.302580	-0.135050	0.052280	0.138540	0.287660
1359125775.842181	-0.011950	-0.129410	0.998370	0.284050	0.051080	0.084400	0.051970	0.138610	0.288360
1359125775.858181	-0.011880	-0.128780	0.999120	0.323660	0.145340	0.154990	0.052030	0.138340	0.288080
1359125775.874181	-0.011660	-0.129240	0.999750	0.411980	0.134390	-0.025960	0.052830	0.138280	0.288290
1359125775.890181	-0.011620	-0.129760	0.999690	0.261710	0.376890	-0.023830	0.052950	0.137610	0.288360
1359125775.906181	-0.011260	-0.128770	0.999350	0.353200	0.192480	0.225260	0.052710	0.138010	0.288010
1359125775.922181	-0.011720	-0.129470	0.998770	0.460200	0.044800	0.093490	0.052770	0.137880	0.287660
1359125775.938181	-0.012210	-0.128500	0.999180	0.406470	0.060900	0.088800	0.052830	0.138210	0.287320
1359125775.954181	-0.011700	-0.128370	0.999290	0.534220	0.154640	0.133690	0.053010	0.137680	0.288150
1359125775.970181	-0.012130	-0.129940	0.999920	0.235040	0.035630	0.069360	0.052950	0.137810	0.288080
1359125775.986181	-0.012340	-0.129190	0.999810	0.509890	0.149580	0.018730	0.052030	0.137880	0.288360
1359125776.002181	-0.011820	-0.128660	0.998660	0.367810	0.139910	0.074230	0.052090	0.137880	0.287800
1359125776.018181	-0.011820	-0.128780	0.998890	0.216630	0.235250	0.090810	0.052340	0.138080	0.287870
1359125776.034181	-0.011370	-0.128890	0.999460	0.122560	0.030920	-0.055170	0.053380	0.138480	0.287450
1359125776.050181	-0.011150	-0.129060	1.000090	0.362030	0.040090	0.254370	0.052640	0.138540	0.287520
1359125776.066181	-0.010980	-0.129110	0.998890	0.207020	0.261640	0.075890	0.052030	0.138080	0.287940
1359125776.082181	-0.011990	-0.128660	0.998430	0.313450	0.077060	0.164700	0.052950	0.138010	0.287660
1359125776.098181	-0.011880	-0.128840	0.998720	0.451190	0.155200	0.018810	0.052400	0.138610	0.287180
1359125776.114181	-0.011540	-0.128890	0.999690	0.361400	-0.080540	0.198430	0.052640	0.138480	0.287940
1359125776.130181	-0.011150	-0.128830	0.999460	0.339240	0.260840	0.030350	0.052950	0.138410	0.287520
1359125776.146181	-0.012040	-0.128660	0.998430	0.601760	-0.003240	0.152470	0.052280	0.138210	0.287660
1359125776.162181	-0.011770	-0.128940	0.999040	0.352700	0.077950	0.111080	0.000000	0.000000	0.000000
1359125776.182181	-0.012180	-0.129180	0.999500	0.317820	0.166500	0.216340	0.052690	0.137710	0.287770
1359125776.202181	-0.012110	-0.129300	0.997750	0.157060	0.135740	0.120540	0.053010	0.138280	0.287730
1359125776.218181	-0.012620	-0.129190	0.999520	0.410600	-0.012790	0.293950	0.053200	0.138080	0.287800
1359125776.234181	-0.012010	-0.129590	0.999060	0.367340	0.071760	0.114190	0.052950	0.137610	0.287250
1359125776.250181	-0.012220	-0.129070	0.999290	0.240470	0.077570	-0.110530	0.052710	0.137550	0.288080
1359125776.266181	-0.011830	-0.129300	0.999690	0.374130	0.371000	0.045680	0.052770	0.138540	0.288220
1359125776.282181	-0.011550	-0.129290	0.998890	0.273810	-0.001320	0.174260	0.052830	0.138610	0.287730
1359125776.298181	-0.011200	-0.128600	0.999120	0.309930	0.292530	0.115700	0.052400	0.138870	0.288220
1359125776.314181	-0.011660	-0.129350	0.998550	0.352510	0.029750	0.043670	0.052220	0.138480	0.289260
1359125776.330181	-0.012000	-0.129010	0.999580	0.167350	0.172510	0.025740	0.052710	0.137810	0.288710
1359125776.346181	-0.011610	-0.129290	0.999000	0.348660	0.245020	0.200450	0.052220	0.138210	0.288430
1359125776.362181	-0.012170	-0.129420	0.999060	0.465620	0.118240	0.043640	0.052400	0.138410	0.288430
1359125776.378181	-0.011820	-0.128550	0.998550	0.338020	0.092690	0.159430	0.053130	0.138480	0.288570
1359125776.394181	-0.011650	-0.128780	0.999690	0.500190	0.175850	0.063860	0.053320	0.138280	0.287730
1359125776.410181	-0.011940	-0.129070	0.999230	0.259250	0.051280	0.295120	0.052580	0.138670	0.288920
1359125776.426181	-0.011200	-0.128940	0.998830	0.475430	0.165480	0.209360	0.052640	0.137210	0.288220
1359125776.442181	-0.011990	-0.128900	0.999920	0.324000	0.239900	0.300940	0.053010	0.138210	0.287940
1359125776.458181	-0.012160	-0.128730	0.998950	0.206090	0.109340	0.085060	0.052770	0.138410	0.288220
1359125776.474181	-0.012390	-0.128850	0.999290	0.309250	0.176970	0.104970	0.053320	0.138080	0.288220
1359125776.490181	-0.011870	-0.128430	0.999290	0.333530	0.119080	0.004220	0.053380	0.139010	0.288640
1359125776.506181	-0.011430	-0.129120	0.999290	0.403000	0.307780	0.120350	0.052400	0.138480	0.288850
1359125776.522181	-0.011870	-0.128660	0.998380	0.455060	0.029020	0.193580	0.052770	0.137880	0.288080
1359125776.538181	-0.012160	-0.128780	0.998430	0.329050	0.187330	-0.000040	0.053070	0.138140	0.287940
1359125776.554181	-0.011610	-0.129410	0.998720	0.451680	0.244460	0.049470	0.052950	0.138280	0.288080
1359125776.570181	-0.011650	-0.128490	0.999010	0.446350	0.123810	-0.131470	0.052280	0.138280	0.288010
1359125776.586181	-0.011700	-0.128140	0.998320	0.322160	-0.069890	0.289050	0.053130	0.139140	0.287450
1359125776.602181	-0.011780	-0.129580	0.998770	0.231100	0.235170	0.226100	0.052770	0.138540	0.288360
1359125776.618181	-0.012280	-0.129360	0.999230	0.617040	0.075430	0.072830	0.053130	0.139410	0.287940
1359125776.634181	-0.011650	-0.128660	0.999180	0.485230	0.118130	0.018530	0.052890	0.139540	0.287940
1359125776.650181	-0.011610	-0.129530	0.999980	0.460820	0.181350	0.224590	0.053070	0.138480	0.287870
1359125776.666181	-0.011870	-0.128610	0.999180	0.445650	0.071250	0.113590	0.052890	0.138940	0.288290
1359125776.682181	-0.012050	-0.129010	0.998600	0.123030	0.220010	0.266850	0.053620	0.138540	0.288570
1359125776.698181	-0.011990	-0.129010	0.998950	0.363200	0.181920	0.049930	0.052580	0.139270	0.288360
1359125776.714181	-0.011940	-0.129300	0.999520	0.461430	0.244390	0.075030	0.052460	0.138340	0.288290
1359125776.730181	-0.012170	-0.129250	0.999810	0.220900	0.130150	0.075000	0.052950	0.138210	0.287390
1359125776.746181	-0.011250	-0.128540	0.998660	0.171330	0.025440	0.059500	0.053620	0.138210	0.288080
1359125776.762181	-0.011040	-0.129220	0.998090	0.231240	0.261450	0.236300	0.053320	0.138610	0.287660
1359125776.778181	-0.011710	-0.128830	0.999120	0.371960	0.014010	0.063500	0.052770	0.137940	0.287800
1359125776.794181	-0.011940	-0.128950	0.999460	0.480120	0.118270	0.158850	0.053010	0.138010	0.288150
1359125776.810181	-0.011660	-0.129300	0.999580	0.215310	0.082960	0.345740	0.052830	0.138080	0.288710
1359125776.826181	-0.011720	-0.129240	0.998550	0.427260	0.234070	-0.020340	0.052890	0.137880	0.287520
1359125776.842181	-0.011260	-0.128710	0.998660	0.534200	0.175740	0.224270	0.053260	0.138210	0.287520
1359125776.858181	-0.011550	-0.129230	0.998830	0.182280	0.246090	-0.019190	0.052710	0.138540	0.287660
1359125776.874181	-0.011090	-0.128880	0.999120	0.441260	0.118480	-0.031340	0.052220	0.138080	0.288150
1359125776.890181	-0.011490	-0.129120	0.999520	0.572670	0.039080	0.137880	0.052890	0.138410	0.288360
1359125776.906181	-0.011550	-0.129460	0.998770	0.401480	0.034660	0.048600	0.053320	0.137940	0.289060
1359125776.922181	-0.011720	-0.129240	0.998950	0.372480	0.113510	0.114200	0.052460	0.138280	0.288080
1359125776.938181	-0.012050	-0.128840	0.998600	0.377750	0.181850	0.139710	0.052220	0.138610	0.288080
1359125776.954181	-0.011200	-0.128940	0.998950	0.519780	0.118050	-0.166860	0.052890	0.138280	0.288220
1359125776.970181	-0.011940	-0.129240	0.999690	0.466740	0.239100	-0.210820	0.052640	0.138540	0.288010
1359125776.986181	-0.011610	-0.129410	0.998950	0.431510	0.165730	0.124580	0.052280	0.138010	0.288500
1359125777.002181	-0.011440	-0.129640	0.998950	0.416010	0.044990	0.183840	0.052280	0.138740	0.288080
1359125777.018181	-0.011610	-0.129350	0.999060	0.274820	0.140370	0.074710	0.052830	0.138610	0.288430
1359125777.034181	-0.011610	-0.129300	1.000030	0.455000	-0.018120	0.047890	0.052830	0.138480	0.288220
1359125777.050181	-0.012120	-0.129650	0.999520	0.475800	0.223290	0.194640	0.051970	0.138670	0.288360
1359125777.066181	-0.012000	-0.129360	0.999120	0.401750	0.071460	0.018800	0.051790	0.138410	0.288010
1359125777.082181	-0.012170	-0.129240	0.999060	0.327910	-0.006740	-0.016240	0.052400	0.138080	0.288010
1359125777.098181	-0.011820	-0.128600	0.998380	0.451380	0.181420	-0.000970	0.052640	0.138410	0.288430
1359125777.114181	-0.011600	-0.129060	0.999060	0.349010	0.245210	-0.020200	0.052340	0.138610	0.287390
1359125777.130181	-0.011780	-0.129360	0.999800	0.480100	0.160200	0.329770	0.052400	0.138140	0.288080
1359125777.146181	-0.012000	-0.129240	0.998890	0.592370	0.023150	0.002510	0.052580	0.137880	0.287660
1359125777.162181	-0.011490	-0.128940	0.998720	0.480910	0.223260	0.054140	0.051850	0.137810	0.288010
1359125777.178181	-0.012060	-0.129640	0.998490	0.564370	0.312120	0.234880	0.000000	0.000000	0.000000
1359125777.194181	-0.011680	-0.129070	0.998580	0.294790	0.208570	0.084230	0.052110	0.138680	0.286910
1359125777.214181	-0.011810	-0.128980	0.998720	0.296020	0.359880	-0.119280	0.052380	0.138310	0.288410
1359125777.234181	-0.012050	-0.128840	0.999060	0.367180	0.071610	0.139120	0.052600	0.138420	0.288720
1359125777.250181	-0.011880	-0.128840	0.999180	0.338460	0.145380	0.069680	0.052840	0.137820	0.289140
1359125777.266181	-0.011480	-0.128780	0.999860	0.288790	0.087800	0.325310	0.052600	0.137820	0.288300
1359125777.282181	-0.011820	-0.128840	0.999290	0.569010	0.238530	0.114170	0.052660	0.138350	0.288580
1359125777.298181	-0.012050	-0.129070	0.999120	0.362240	0.014030	0.023770	0.053090	0.138020	0.288090
1359125777.314181	-0.012100	-0.128790	1.000550	0.412700	0.255170	-0.020190	0.052910	0.138020	0.288230
1359125777.330181	-0.011500	-0.129520	0.998720	0.362430	0.029790	-0.041340	0.052540	0.138020	0.287670
1359125777.346181	-0.011830	-0.129350	0.999180	0.373730	0.334210	0.166030	0.052600	0.138020	0.288300
1359125777.362181	-0.012340	-0.129360	0.999350	0.626300	-0.008440	0.092500	0.051620	0.137950	0.287530
1359125777.378181	-0.011530	-0.128540	0.998890	0.357770	0.139870	0.234910	0.052840	0.137750	0.288230
1359125777.394181	-0.011560	-0.129580	0.999520	0.436410	0.165720	0.124320	0.051740	0.138150	0.287810
1359125777.410181	-0.012160	-0.128840	0.999690	0.567740	0.023270	0.102650	0.052170	0.137820	0.288440
1359125777.426181	-0.011830	-0.129300	0.999630	0.486570	0.333580	-0.010300	0.051800	0.139080	0.288020
1359125777.442181	-0.012050	-0.128950	0.999180	0.671510	0.185620	0.093500	0.052420	0.138880	0.288160
1359125777.458181	-0.012220	-0.129070	0.998830	0.529900	0.286040	0.265020	0.052780	0.138220	0.288440
1359125777.474181	-0.012350	-0.129770	0.999750	0.270610	0.287500	0.201110	0.052170	0.138820	0.288160
1359125777.490181	-0.012110	-0.129130	0.999690	0.598130	0.196320	0.108510	0.052480	0.138220	0.288440
1359125777.506181	-0.012160	-0.128960	0.999290	0.132190	-0.026770	-0.125680	0.051620	0.138220	0.288440
1359125777.522181	-0.011430	-0.129120	0.998660	0.401240	0.024260	0.158980	0.052970	0.138020	0.288510
1359125777.538181	-0.011720	-0.129180	0.998600	0.401960	0.139620	0.144330	0.052780	0.138150	0.288650
1359125777.554181	-0.011880	-0.129070	0.999460	0.434600	-0.149060	0.072260	0.052480	0.137220	0.288510
1359125777.570181	-0.011710	-0.128780	0.999520	0.329390	0.292420	0.175930	0.052840	0.137890	0.288650
1359125777.586181	-0.011380	-0.129060	0.999400	0.548810	0.128320	0.088330	0.052840	0.138080	0.287810
1359125777.602181	-0.011470	-0.128250	0.999060	0.168350	0.335370	0.011590	0.052910	0.138020	0.288090
1359125777.618181	-0.011530	-0.128260	0.999230	0.509210	0.097030	0.253950	0.052780	0.138280	0.288720
1359125777.634181	-0.011930	-0.128320	0.999920	0.456380	0.233900	0.134590	0.052720	0.138150	0.288860
1359125777.650181	-0.011880	-0.128610	0.999920	0.382960	0.197570	-0.000470	0.052780	0.137750	0.288650
1359125777.666181	-0.011650	-0.128550	0.999690	0.299270	0.134940	0.064680	0.052660	0.138080	0.288650
1359125777.682181	-0.011770	-0.128830	0.998550	0.260600	0.192970	-0.024910	0.051740	0.138020	0.288580
1359125777.698181	-0.011640	-0.128370	0.998260	0.285190	0.240120	0.085440	0.052350	0.137820	0.289210
1359125777.714181	-0.011260	-0.128880	0.998890	0.387470	0.181740	0.179790	0.052970	0.138020	0.289550
1359125777.730181	-0.011320	-0.129060	0.999980	0.405380	-0.127860	0.057360	0.052540	0.138280	0.288930
1359125777.746181	-0.011770	-0.129240	0.999400	0.496520	0.328270	-0.135310	0.052170	0.138420	0.288580
1359125777.762181	-0.012110	-0.129070	0.998200	0.314560	0.255720	0.140510	0.052420	0.138420	0.288370
1359125777.778181	-0.011990	-0.128780	0.999120	0.284580	0.156140	0.150170	0.053150	0.138820	0.288510
1359125777.794181	-0.012050	-0.128900	0.999750	0.347920	0.108470	0.149510	0.052780	0.138020	0.288090
1359125777.810181	-0.012150	-0.128500	0.999060	0.474380	-0.044500	0.072850	0.052910	0.137220	0.288300
1359125777.826181	-0.011870	-0.129360	0.999360	0.404060	0.191230	0.248120	0.053070	0.138470	0.288020
1359125777.846181	-0.011100	-0.129300	0.998720	0.485510	0.056260	0.226750	0.053020	0.138150	0.288130
1359125777.866181	-0.011650	-0.128660	0.999460	0.283640	0.030140	0.264780	0.052600	0.138750	0.288300
1359125777.882181	-0.011830	-0.129070	0.999690	0.397810	0.218550	-0.030440	0.053150	0.138550	0.288020
1359125777.898181	-0.011650	-0.128770	0.998030	0.588460	0.249040	0.234370	0.052720	0.138620	0.287600
1359125777.914181	-0.011900	-0.129870	0.999520	0.420480	-0.002130	0.273890	0.052720	0.137950	0.288020
1359125777.930181	-0.012110	-0.129010	0.999350	0.307930	0.024630	0.359970	0.052480	0.138080	0.287670
1359125777.946181	-0.011260	-0.129060	0.999290	0.288670	0.051200	0.259830	0.052780	0.138420	0.288230
1359125777.962181	-0.011560	-0.129640	0.998720	0.361700	-0.049090	0.123320	0.052720	0.137820	0.288020
1359125777.978181	-0.011580	-0.128200	0.998150	0.284700	0.177070	0.155290	0.053030	0.138350	0.288720
1359125777.994181	-0.012110	-0.129300	0.999230	0.587740	0.096670	0.113340	0.052230	0.138020	0.287880
1359125778.010181	-0.012450	-0.129020	1.000210	0.161850	0.104340	0.185590	0.052290	0.137950	0.288510
1359125778.026181	-0.012170	-0.129070	0.999410	0.406620	0.097560	0.134010	0.051680	0.138280	0.287810
1359125778.042181	-0.011770	-0.128890	0.999230	0.465710	0.170790	0.184460	0.052660	0.138420	0.287530
1359125778.058181	-0.012000	-0.129290	0.997630	0.417030	0.223620	0.220050	0.052720	0.138420	0.288510
1359125778.074181	-0.011750	-0.128200	0.998950	0.236560	0.277180	0.025750	0.052420	0.138280	0.288020
1359125778.090181	-0.011440	-0.129350	0.999800	0.255950	0.235130	-0.014520	0.053330	0.139010	0.288300
1359125778.106181	-0.011550	-0.129410	0.999400	0.510400	0.265130	0.134600	0.053150	0.138350	0.288300
1359125778.122181	-0.011830	-0.129300	0.999580	0.353350	0.202950	0.175080	0.052660	0.138550	0.288790
1359125778.138181	-0.012620	-0.129310	0.998780	0.489690	0.091850	0.193900	0.052970	0.138550	0.287810
1359125778.154181	-0.011780	-0.129410	0.999350	0.607550	0.175250	0.263950	0.053150	0.138280	0.287190
1359125778.170181	-0.011360	-0.128250	0.999230	0.490370	0.170670	0.063860	0.052420	0.138350	0.288090
1359125778.186181	-0.011220	-0.129520	0.999980	0.446640	0.233960	0.104690	0.052600	0.138150	0.287600
1359125778.202181	-0.011650	-0.128430	0.998600	0.313760	0.103630	0.069290	0.000000	0.000000	0.000000
1359125778.218181	-0.012000	-0.129320	0.999250	0.320700	0.141930	-0.067250	0.052230	0.135940	0.287560
1359125778.242181	-0.011040	-0.129230	0.999460	0.347330	-0.038250	-0.032010	0.052420	0.137290	0.288370
1359125778.258181	-0.011710	-0.128780	0.998890	0.119100	0.298860	0.101880	0.052840	0.137820	0.288160
1359125778.274181	-0.011540	-0.128890	0.999580	0.607220	0.085920	0.132900	0.052660	0.137150	0.288230
1359125778.290181	-0.012170	-0.129070	0.999460	0.524700	0.139010	-0.101710	0.052660	0.136890	0.288230
1359125778.306181	-0.011870	-0.128380	0.999810	0.509470	0.081360	0.028030	0.051990	0.136890	0.288300
1359125778.322181	-0.011150	-0.129230	0.998950	0.524250	0.138930	0.188860	0.052110	0.137890	0.288580
1359125778.338181	-0.011310	-0.128710	0.999230	0.465930	0.176050	0.063990	0.052420	0.137220	0.287740
1359125778.354181	-0.011100	-0.129340	0.998950	0.275040	0.203400	0.175680	0.052290	0.137350	0.288300
1359125778.370181	-0.011610	-0.129580	0.998950	0.347480	0.045490	0.189220	0.052350	0.137420	0.288090
1359125778.386181	-0.011830	-0.129300	0.999180	0.431080	0.097510	0.139090	0.052720	0.137620	0.288930
1359125778.402181	-0.011500	-0.129700	0.999170	0.299510	0.187490	0.115070	0.052660	0.138080	0.288510
1359125778.418181	-0.012440	-0.128670	0.998720	0.422190	0.218330	0.029340	0.053210	0.137220	0.287950
1359125778.434181	-0.011650	-0.128660	0.998200	0.339290	0.255590	-0.025040	0.053830	0.137420	0.288650
1359125778.450181	-0.011260	-0.128660	0.999460	0.564080	0.228040	0.098980	0.053150	0.137020	0.288930
1359125778.466181	-0.011660	-0.129060	0.999460	0.295300	0.308380	0.140950	0.052780	0.137490	0.288440
1359125778.482181	-0.011940	-0.128890	0.998550	0.372630	0.129350	0.079210	0.053400	0.136760	0.287810
1359125778.498181	-0.011540	-0.128600	0.998600	0.260490	0.171950	-0.030200	0.053460	0.137620	0.288930
1359125778.514181	-0.011490	-0.129120	0.999460	0.397480	0.181930	0.039570	0.053400	0.137290	0.288230
1359125778.530181	-0.011940	-0.128900	0.999750	0.445870	0.123670	0.169100	0.053460	0.137220	0.288510
1359125778.546181	-0.011480	-0.128660	0.999000	0.388240	0.265970	0.014810	0.052780	0.136760	0.288370
1359125778.562181	-0.011310	-0.128710	0.999120	0.525240	0.280810	0.099360	0.053270	0.137490	0.289280
1359125778.578181	-0.011610	-0.129290	0.998660	0.382870	0.223860	0.154970	0.052780	0.136690	0.288300
1359125778.594181	-0.011770	-0.128830	0.999000	0.451180	0.155200	0.023810	0.053030	0.136760	0.288370
1359125778.610181	-0.011550	-0.129060	0.999060	0.494670	0.128590	0.284330	0.053640	0.137350	0.288300
1359125778.626181	-0.011760	-0.128430	0.999460	0.533590	0.091750	0.288920	0.053090	0.137620	0.288720
1359125778.642181	-0.011530	-0.128540	0.999000	0.402130	0.139940	0.034030	0.053330	0.137420	0.288510
1359125778.658181	-0.011040	-0.129340	0.998770	0.274850	0.124570	-0.005390	0.053030	0.136960	0.288300
1359125778.674181	-0.011710	-0.128830	0.999000	0.366970	0.055770	0.289570	0.053330	0.137020	0.287950
1359125778.690181	-0.011710	-0.128950	0.998780	0.427300	0.218310	-0.105510	0.053580	0.137490	0.288020
1359125778.706181	-0.011660	-0.129060	0.999230	0.576870	-0.076410	0.137190	0.052720	0.137150	0.288090
1359125778.722181	-0.011250	-0.128360	0.998490	0.486220	0.338840	0.235440	0.053400	0.137150	0.288020
1359125778.738181	-0.011320	-0.129290	0.997800	0.372540	0.071720	-0.081320	0.053330	0.137090	0.288090
1359125778.754181	-0.011920	-0.128200	0.998660	0.563600	0.133460	0.043130	0.052910	0.137550	0.288090
1359125778.770181	-0.011260	-0.128660	0.999400	0.456690	0.270690	0.079720	0.053150	0.136420	0.288370
1359125778.786181	-0.011530	-0.128260	0.999290	0.416270	0.076520	0.053750	0.052540	0.136620	0.288440
1359125778.802181	-0.011600	-0.128950	0.999400	0.319710	0.292480	0.115600	0.052840	0.136620	0.288440
1359125778.818181	-0.011600	-0.128890	0.999400	0.276810	0.502920	0.187410	0.053090	0.136890	0.288300
1359125778.834181	-0.011720	-0.129120	0.999000	0.329350	0.292420	0.215900	0.053330	0.137020	0.288020
1359125778.850181	-0.011720	-0.129300	0.999460	0.249290	0.035510	0.310140	0.053150	0.136690	0.288860
1359125778.866181	-0.011430	-0.129060	0.999630	0.460120	0.050160	0.168630	0.052480	0.136690	0.287950
1359125778.882181	-0.011770	-0.129120	0.999000	0.378500	0.255360	-0.060170	0.052420	0.137150	0.288720
1359125778.898181	-0.011150	-0.128830	0.999000	0.352130	0.003420	0.158870	0.052780	0.137420	0.288580
1359125778.914181	-0.011370	-0.128600	0.999290	0.426150	0.066100	0.043650	0.051990	0.137150	0.288020
1359125778.930181	-0.011480	-0.128430	0.999580	0.343100	0.113720	0.124400	0.051860	0.136490	0.288370
1359125778.946181	-0.011270	-0.129170	0.999460	0.470690	0.202290	0.249760	0.051920	0.137090	0.288300
1359125778.962181	-0.011990	-0.128950	0.998950	0.338130	0.134800	0.189830	0.052170	0.136620	0.288440
1359125778.978181	-0.011320	-0.129000	0.998320	0.460330	0.076230	0.133670	0.052230	0.136890	0.288440
1359125778.994181	-0.011420	-0.128490	0.999460	0.332770	0.024530	0.128930	0.052420	0.137350	0.288650
1359125779.010181	-0.011320	-0.129350	0.998830	0.347970	0.108400	0.119510	0.052290	0.137150	0.288930
1359125779.026181	-0.012000	-0.129190	0.999520	0.470290	0.107710	0.143850	0.052230	0.137420	0.288580
1359125779.042181	-0.012000	-0.129350	0.998030	0.294020	0.098280	0.149700	0.051920	0.137020	0.287740
1359125779.058181	-0.011590	-0.128710	0.998200	0.479840	0.044800	0.058340	0.052350	0.137150	0.288300
1359125779.074181	-0.011660	-0.129240	0.999290	0.197280	0.230150	-0.079580	0.052910	0.137750	0.288650
1359125779.090181	-0.011310	-0.128490	1.000830	0.392070	0.129320	0.169600	0.052720	0.137090	0.288300
1359125779.106181	-0.011550	-0.129180	0.999400	0.254760	0.056410	0.019120	0.052110	0.137890	0.288230
1359125779.122181	-0.011660	-0.128950	0.999460	0.392190	0.129200	0.094140	0.052480	0.137150	0.288580
1359125779.138181	-0.011880	-0.128950	0.998490	0.290870	0.366210	0.066090	0.052720	0.137490	0.288650
1359125779.154181	-0.011490	-0.128950	0.999860	0.485820	0.265270	0.204880	0.052540	0.137890	0.288370
1359125779.170181	-0.011700	-0.128320	0.999860	0.469200	-0.096840	0.052340	0.052480	0.137750	0.288580
1359125779.186181	-0.011490	-0.129240	0.999580	0.283730	0.066790	0.350310	0.051860	0.137490	0.288580
1359125779.202181	-0.011360	-0.128430	0.999120	0.269280	0.003960	-0.041270	0.052350	0.137090	0.288930
1359125779.218181	-0.011880	-0.129070	0.998600	0.221130	0.219480	0.276260	0.051860	0.137350	0.289000
1359125779.234181	-0.011710	-0.128950	0.999580	0.299300	0.155980	0.124880	0.000000	0.000000	0.000000
1359125779.250181	-0.011860	-0.127780	0.999140	0.387560	-0.054410	0.262030	0.052800	0.137200	0.288330
1359125779.274181	-0.011990	-0.128890	0.998320	0.202110	0.261610	0.086050	0.052010	0.137520	0.288570
1359125779.290181	-0.011770	-0.129070	0.999810	0.373770	0.313200	0.055210	0.052070	0.136790	0.288710
1359125779.306181	-0.011830	-0.129240	0.999180	0.401640	0.108220	0.229470	0.052070	0.137060	0.288780
1359125779.322181	-0.011820	-0.128950	0.998720	0.505830	0.265160	-0.065510	0.052380	0.137190	0.288150
1359125779.338181	-0.011530	-0.128370	0.999010	0.504980	0.186340	0.174210	0.052560	0.136260	0.288570
1359125779.354181	-0.010920	-0.128710	0.999230	0.245490	0.151010	0.090040	0.052260	0.137120	0.288290
1359125779.370181	-0.011150	-0.129000	0.998770	0.401120	0.055730	0.354650	0.051950	0.136200	0.288430
1359125779.386181	-0.011100	-0.129110	0.999290	0.455580	0.102680	0.144150	0.051890	0.136660	0.288710
1359125779.402181	-0.011160	-0.129400	0.999350	0.431180	0.134200	0.214460	0.051830	0.136790	0.288500
1359125779.418181	-0.011600	-0.129060	0.999000	0.392640	0.202730	0.084680	0.051710	0.136530	0.287450
1359125779.434181	-0.011500	-0.129410	0.999350	0.309380	0.171730	-0.025130	0.052630	0.136460	0.288010
1359125779.450181	-0.011320	-0.128950	0.999580	0.376960	0.082370	0.259580	0.053240	0.136590	0.288920
1359125779.466181	-0.010920	-0.128650	0.998660	0.519080	0.112780	0.259010	0.052870	0.136660	0.288640
1359125779.482181	-0.011710	-0.128660	0.999460	0.249370	-0.016930	0.079010	0.052320	0.136390	0.288010
1359125779.498181	-0.011990	-0.128780	0.999010	0.284400	0.135140	0.185230	0.052630	0.136260	0.286970
1359125779.514181	-0.011380	-0.129060	0.998770	0.357140	0.003470	0.113620	0.052320	0.136460	0.287870
1359125779.530181	-0.011480	-0.128720	1.000780	0.293310	-0.001500	0.219410	0.052690	0.136460	0.288360
1359125779.546181	-0.011160	-0.129290	1.000030	0.269940	0.150910	0.105110	0.051890	0.136000	0.288150
1359125779.562181	-0.011420	-0.128140	0.999920	0.362460	0.076900	0.124140	0.051950	0.136460	0.288640
1359125779.578181	-0.011650	-0.128780	0.999180	0.603540	0.317290	0.244770	0.051890	0.136260	0.288500
1359125779.594181	-0.011650	-0.128600	0.999630	0.368700	0.255420	-0.055170	0.051710	0.136530	0.288640
1359125779.610181	-0.011370	-0.128540	0.999980	0.339090	0.218800	-0.040220	0.051890	0.136390	0.288220
1359125779.626181	-0.011780	-0.129300	0.999750	0.309100	0.155910	0.120000	0.051640	0.136060	0.288360
1359125779.642181	-0.011480	-0.128660	0.999630	0.422280	0.244630	0.069630	0.052200	0.136260	0.288080
1359125779.658181	-0.011550	-0.129580	0.998830	0.392470	0.186970	0.134620	0.052200	0.136790	0.287660
1359125779.674181	-0.011500	-0.129640	0.999000	0.430900	0.086930	0.214130	0.052440	0.136200	0.288710
1359125779.690181	-0.011430	-0.129060	1.000380	0.421930	0.207820	0.154910	0.052750	0.136790	0.288500
1359125779.706181	-0.011310	-0.128710	0.999690	0.373410	0.250140	0.044890	0.052200	0.137120	0.288150
1359125779.722181	-0.011650	-0.128830	0.998320	0.416610	0.092250	-0.016410	0.052130	0.136920	0.287450
1359125779.738181	-0.010980	-0.128940	0.999460	0.504420	0.097080	0.183690	0.051830	0.136660	0.287870
1359125779.754181	-0.012200	-0.128090	0.999460	0.445680	0.055470	0.028440	0.052260	0.136990	0.288080
1359125779.770181	-0.011710	-0.128780	0.999630	0.450410	0.039730	0.073530	0.052260	0.137450	0.288290
1359125779.786181	-0.012450	-0.129370	1.000260	0.314230	0.171720	0.029870	0.052440	0.136920	0.287870
1359125779.802181	-0.011480	-0.128540	0.999060	0.499990	0.202130	0.289760	0.052930	0.136660	0.288010
1359125779.818181	-0.011430	-0.129120	0.999400	0.440700	0.060710	0.108700	0.052630	0.136660	0.287590
1359125779.834181	-0.011710	-0.128780	0.999690	0.338230	0.108450	0.074330	0.051950	0.137390	0.287040
1359125779.850181	-0.011380	-0.129000	0.999920	0.485100	0.128850	0.143850	0.052440	0.137060	0.287800
1359125779.866181	-0.011490	-0.129240	1.000320	0.412280	0.139570	-0.196150	0.051710	0.136530	0.287660
1359125779.882181	-0.011830	-0.129300	0.999520	0.579340	0.270000	-0.111130	0.052560	0.136130	0.287590
1359125779.898181	-0.011760	-0.128550	0.999180	0.684910	-0.003670	0.187190	0.052380	0.136790	0.288430
1359125779.914181	-0.011440	-0.129460	0.999230	0.538260	0.044450	0.253480	0.052260	0.137190	0.288080
1359125779.930181	-0.011650	-0.128890	0.999580	0.353380	0.203200	0.155000	0.052810	0.137190	0.288080
1359125779.946181	-0.011810	-0.128760	0.999860	0.325690	0.095050	-0.081060	0.052110	0.136410	0.288670
1359125779.966181	-0.011450	-0.128890	0.999360	0.584160	0.177650	0.206860	0.052400	0.136990	0.288330
1359125779.986181	-0.011720	-0.129180	0.999520	0.343260	0.124190	0.064510	0.052380	0.136990	0.288290
1359125780.002181	-0.011550	-0.129060	0.999290	0.416930	0.186830	0.139510	0.051710	0.136720	0.288780
1359125780.018181	-0.011600	-0.128770	0.998830	0.414990	-0.175130	-0.007710	0.051280	0.136720	0.288360
1359125780.034181	-0.011770	-0.129010	0.999400	0.538470	0.018050	0.017720	0.051640	0.136660	0.287800
1359125780.050181	-0.011270	-0.129460	0.999800	0.338230	0.113780	0.109550	0.052200	0.136590	0.288010
1359125780.066181	-0.012280	-0.129020	0.999290	0.651720	0.143470	0.067900	0.052630	0.136460	0.288080
1359125780.082181	-0.011940	-0.129300	0.999350	0.172320	0.230250	0.196260	0.052260	0.137060	0.288010
1359125780.098181	-0.012060	-0.129410	0.998550	0.275320	0.261200	0.216060	0.052200	0.136590	0.287450
1359125780.114181	-0.011540	-0.129010	0.999290	0.381730	0.018870	0.058630	0.053240	0.136790	0.288430
1359125780.130181	-0.010980	-0.128880	0.999690	0.206250	0.172460	0.100360	0.051640	0.136860	0.288010
1359125780.146181	-0.011770	-0.129070	0.999230	0.455840	0.086860	-0.086680	0.052010	0.137320	0.288570
1359125780.162181	-0.011310	-0.128540	0.998430	0.465360	0.092120	0.103650	0.052130	0.136990	0.288640
1359125780.178181	-0.011100	-0.129400	0.999350	0.386800	0.082070	0.189230	0.052320	0.137250	0.288080
1359125780.194181	-0.011710	-0.128950	0.999230	0.333410	0.103260	0.024180	0.052440	0.136920	0.288360
1359125780.210181	-0.011720	-0.129120	0.999860	0.328050	0.066490	0.179410	0.052690	0.137190	0.288500
1359125780.226181	-0.011650	-0.128540	0.998830	0.431660	0.239300	0.310420	0.053050	0.136660	0.288640
1359125780.242181	-0.011940	-0.129070	0.999230	0.225620	0.093490	0.055010	0.052990	0.137250	0.288220
1359125780.258181	-0.011420	-0.129620	0.998440	0.416340	0.207890	-0.024660	0.000000	0.000000	0.000000
1359125780.278181	-0.012270	-0.129180	0.999540	0.463110	0.186630	0.031020	0.052600	0.137310	0.286940
1359125780.298181	-0.011880	-0.129010	0.998600	0.337920	0.055920	0.084150	0.053050	0.138180	0.288010
1359125780.314181	-0.011950	-0.129760	0.999000	0.474640	0.055260	0.289010	0.052990	0.137520	0.287730
1359125780.330181	-0.012050	-0.128900	0.999460	0.284910	0.213850	0.160460	0.052870	0.137450	0.286900
1359125780.346181	-0.011540	-0.128720	1.000210	0.480650	0.196980	0.119210	0.052560	0.137520	0.287730
1359125780.362181	-0.011710	-0.128840	0.999410	0.270580	0.303260	0.206230	0.052500	0.137920	0.286830
1359125780.378181	-0.011760	-0.128600	0.998830	0.225440	0.124850	0.290720	0.052500	0.137590	0.287590
1359125780.394181	-0.011320	-0.129170	0.999230	0.424860	-0.085990	0.278380	0.052500	0.137390	0.287660
1359125780.410181	-0.011810	-0.128380	0.999350	0.167190	0.167220	0.045600	0.052630	0.138050	0.287320
1359125780.426181	-0.012230	-0.129360	0.999980	0.508870	0.002650	0.108040	0.052380	0.137320	0.287110
1359125780.442181	-0.012330	-0.128960	0.999810	0.452560	0.402090	0.090710	0.052380	0.137520	0.287320
1359125780.458181	-0.011540	-0.128890	0.998780	0.343780	0.218770	0.095070	0.052010	0.137780	0.287800
1359125780.474181	-0.011880	-0.129010	0.999920	0.501470	0.391300	0.075380	0.052560	0.138120	0.287800
1359125780.490181	-0.011380	-0.129350	0.999800	0.348390	0.208240	0.235370	0.052010	0.137250	0.287040
1359125780.506181	-0.011960	-0.129930	0.999690	0.465230	0.102500	0.229110	0.052750	0.137650	0.287520
1359125780.522181	-0.011140	-0.128540	0.999060	0.171690	0.072770	0.035090	0.051580	0.138180	0.287320
1359125780.538181	-0.011490	-0.128890	0.998830	0.446460	0.186670	0.034020	0.052810	0.137980	0.287450
1359125780.554181	-0.011990	-0.128900	0.999580	0.395360	-0.133130	0.182870	0.052810	0.137980	0.287450
1359125780.570181	-0.011480	-0.128490	0.999810	0.415970	0.008280	0.068500	0.052200	0.138050	0.286970
1359125780.586181	-0.011480	-0.128770	0.999350	0.392190	0.176460	0.275110	0.051460	0.137520	0.287320
1359125780.602181	-0.012450	-0.129310	0.999630	0.385850	-0.096290	0.148010	0.051950	0.138250	0.287110
1359125780.618181	-0.011540	-0.128950	0.998830	0.465850	0.181360	0.134210	0.052130	0.137980	0.286830
1359125780.634181	-0.012050	-0.128780	0.999290	0.313210	0.045620	0.194680	0.052380	0.138380	0.286900
1359125780.650181	-0.011660	-0.129240	0.999580	0.470030	0.060530	0.128630	0.052130	0.138250	0.287450
1359125780.666181	-0.011880	-0.129010	0.999180	0.205850	0.051540	0.014580	0.052810	0.137650	0.287590
1359125780.682181	-0.011190	-0.128420	0.999460	0.396540	0.082070	0.254510	0.052200	0.138050	0.287180
1359125780.698181	-0.011500	-0.129580	0.999350	0.445330	-0.002390	0.032810	0.052380	0.137850	0.287180
1359125780.714181	-0.011880	-0.129130	0.999400	0.514470	0.081300	-0.037040	0.051770	0.137650	0.287660
1359125780.730181	-0.011320	-0.129290	0.999350	0.402380	0.150130	-0.086000	0.052260	0.137190	0.287590
1359125780.746181	-0.011760	-0.128610	0.999810	0.564710	0.270080	-0.141200	0.052630	0.137780	0.288220
1359125780.762181	-0.011200	-0.128540	0.999350	0.420830	-0.002110	0.053140	0.051830	0.137450	0.287450
1359125780.778181	-0.011370	-0.128720	0.999520	0.348030	0.150550	0.245060	0.052380	0.137190	0.287730
1359125780.794181	-0.011660	-0.129240	0.999350	0.386310	0.050670	0.274380	0.052320	0.138120	0.287450
1359125780.810181	-0.011710	-0.128950	0.999350	0.343030	0.087480	0.069330	0.052870	0.137390	0.287320
1359125780.826181	-0.011810	-0.128380	0.999630	0.339020	0.276600	0.225860	0.052320	0.137390	0.287590
1359125780.842181	-0.012000	-0.129130	0.999410	0.421050	0.029290	0.033270	0.051770	0.137390	0.287320
1359125780.858181	-0.011660	-0.129350	0.998660	0.342580	0.066440	0.274710	0.052320	0.137980	0.287320
1359125780.874181	-0.011550	-0.129060	0.999460	0.347040	-0.059380	0.068370	0.052690	0.137720	0.287320
1359125780.890181	-0.012160	-0.128610	1.000150	0.513790	-0.002720	0.072820	0.052260	0.137190	0.287870
1359125780.906181	-0.011150	-0.129230	0.999630	0.465180	0.039610	0.023250	0.052750	0.137920	0.287040
1359125780.922181	-0.011550	-0.129180	1.000030	0.608320	0.196290	-0.146740	0.052130	0.137850	0.287180
1359125780.938181	-0.011040	-0.129050	0.998720	0.411780	0.123880	0.064270	0.052200	0.137720	0.287110
1359125780.954181	-0.011840	-0.129530	0.999580	0.362630	0.092570	0.074350	0.053300	0.137320	0.286760
1359125780.970181	-0.011330	-0.129460	0.999120	0.377710	0.150420	0.044170	0.052630	0.137390	0.287320
1359125780.986181	-0.011730	-0.129760	0.999800	0.440990	0.144670	0.239530	0.052380	0.137190	0.288080
1359125781.002181	-0.011330	-0.129580	0.998830	0.388440	0.318370	0.085830	0.052130	0.137780	0.288220
1359125781.018181	-0.012000	-0.129410	0.999120	0.432100	0.244550	0.054610	0.052690	0.137320	0.287870
1359125781.034181	-0.011610	-0.129530	1.000090	0.397260	0.139650	0.019330	0.052130	0.137920	0.287040
1359125781.050181	-0.011820	-0.128900	0.999920	0.464000	-0.133480	0.107340	0.052010	0.137520	0.287590
1359125781.066181	-0.011770	-0.128840	0.999460	0.612630	0.169980	0.128660	0.051890	0.137850	0.287110
1359125781.082181	-0.011940	-0.129180	0.999630	0.372260	0.092530	0.174410	0.052070	0.137980	0.287730
1359125781.098181	-0.011540	-0.128890	0.998830	0.445990	0.065960	-0.126630	0.051890	0.138380	0.287390
1359125781.114181	-0.011890	-0.129470	0.999120	0.558210	0.091450	0.198440	0.053050	0.138050	0.287320
1359125781.130181	-0.011210	-0.129060	0.999520	0.403480	0.370830	0.055400	0.052560	0.137720	0.286900
1359125781.146181	-0.011880	-0.128950	0.998950	0.328380	0.108510	0.129630	0.052630	0.137980	0.287590
1359125781.162181	-0.011430	-0.129060	0.999580	0.421810	0.197310	0.189870	0.052560	0.137720	0.288150
1359125781.178181	-0.011200	-0.128880	0.998890	0.504960	0.160140	0.083750	0.052870	0.138050	0.287390
1359125781.194181	-0.011760	-0.128490	0.999010	0.255680	0.203620	-0.024890	0.052260	0.137250	0.287450
1359125781.210181	-0.010880	-0.129460	0.999230	0.402050	0.129110	0.043890	0.052260	0.137650	0.287250
1359125781.226181	-0.011720	-0.129410	0.999520	0.348510	0.197730	0.119850	0.052260	0.137120	0.286970
1359125781.242181	-0.011940	-0.129130	0.999810	0.386390	-0.002030	0.163630	0.052260	0.137720	0.287450
1359125781.258181	-0.011700	-0.128490	0.998490	0.352490	0.076990	0.239580	0.052380	0.136920	0.287870
1359125781.274181	-0.011490	-0.129000	0.999120	0.362920	0.103150	-0.071210	0.000000	0.000000	0.000000
1359125781.290181	-0.011510	-0.129400	0.999080	0.481920	0.115000	0.247190	0.052370	0.138320	0.286450
1359125781.310181	-0.011600	-0.129350	0.999820	0.322100	0.212650	0.120340	0.052150	0.137500	0.286700
1359125781.330181	-0.011260	-0.129120	0.999630	0.690170	-0.019420	-0.108450	0.052430	0.137790	0.286730
1359125781.346181	-0.011440	-0.129410	0.999460	0.485270	0.160210	0.154200	0.053410	0.137990	0.287630
1359125781.362181	-0.011940	-0.129180	0.999060	0.476260	0.275830	0.099720	0.052430	0.138320	0.287490
1359125781.378181	-0.011940	-0.128890	0.998260	0.534550	0.222950	0.184510	0.052550	0.138590	0.287150
1359125781.394181	-0.012000	-0.129360	0.999120	0.239580	0.014620	0.179550	0.051880	0.138850	0.286660
1359125781.410181	-0.012270	-0.128840	0.999010	0.537590	-0.128700	0.016750	0.052120	0.138450	0.287210
1359125781.426181	-0.011600	-0.128950	0.998890	0.371660	-0.038560	0.058260	0.051820	0.137990	0.286940
1359125781.442181	-0.011470	-0.128200	0.999980	0.373260	0.192330	-0.080550	0.052550	0.138190	0.287010
1359125781.458181	-0.011820	-0.128780	0.998600	0.244750	0.082770	0.300410	0.052800	0.137920	0.286520
1359125781.474181	-0.010990	-0.129400	0.999400	0.391670	0.097680	0.304760	0.052550	0.137990	0.286800
1359125781.490181	-0.011390	-0.129580	0.999170	0.318480	0.077140	0.079170	0.052670	0.138190	0.287280
1359125781.506181	-0.011380	-0.129060	0.999690	0.204910	-0.095180	0.043580	0.052240	0.137860	0.286520
1359125781.522181	-0.012040	-0.128550	0.999120	0.455740	0.144590	0.199290	0.052120	0.138250	0.287350
1359125781.538181	-0.011590	-0.128720	0.998550	0.283660	0.009170	0.174270	0.052240	0.138650	0.286940
1359125781.554181	-0.011590	-0.128430	0.999010	0.359030	0.281750	-0.030100	0.052610	0.138320	0.288050
1359125781.570181	-0.010640	-0.128990	0.999630	0.431870	0.197320	0.019400	0.052550	0.139050	0.287490
1359125781.586181	-0.010750	-0.128650	0.999520	0.387590	0.160720	0.024290	0.052180	0.138650	0.287980
1359125781.602181	-0.010920	-0.128710	0.999060	0.499270	0.007790	0.007780	0.052860	0.138720	0.286800
1359125781.618181	-0.011490	-0.128940	0.998430	0.363170	0.181880	0.044530	0.052980	0.139180	0.287150
1359125781.634181	-0.011030	-0.128770	0.998660	0.304650	0.192720	-0.025140	0.051940	0.138650	0.287150
1359125781.650181	-0.011210	-0.129000	0.999060	0.319500	0.297730	0.271200	0.053160	0.138190	0.287630
1359125781.666181	-0.011710	-0.128830	0.999230	0.338230	0.124270	0.149890	0.053100	0.137590	0.287490
1359125781.682181	-0.011200	-0.128770	0.998950	0.493990	-0.012920	0.173050	0.052730	0.137920	0.287150
1359125781.698181	-0.015350	0.353680	1.053150	-3.987730	0.784280	4.528010	0.053590	0.137320	0.286520
1359125781.714181	-0.227530	-0.016210	1.189090	-8.298310	-1.749390	8.410220	0.059910	0.135460	0.288950
1359125781.730181	0.004300	-0.123910	0.802910	6.226410	-5.234760	10.713360	0.059360	0.134730	0.289090
1359125781.746181	0.115290	-0.059520	0.947830	8.919250	1.434410	10.754680	0.059420	0.135530	0.288540
1359125781.762181	-0.100750	-0.103500	1.152650	-1.363620	4.056190	12.455210	0.055310	0.135000	0.289860
1359125781.778181	-0.183590	-0.171630	1.021180	-1.021340	-3.837830	12.205070	0.057150	0.134670	0.289090
1359125781.794181	-0.041790	-0.116710	0.936040	1.206550	-2.981080	8.810400	0.057400	0.135070	0.289510
1359125781.810181	-0.002350	-0.208480	1.008930	-0.754880	0.808200	4.968230	0.058990	0.134530	0.289860
1359125781.826181	-0.010210	-0.162460	1.041220	2.013540	-2.566710	7.659210	0.058560	0.135000	0.288810
1359125781.842181	0.085520	-0.162320	0.976890	0.656380	-2.852300	7.072200	0.059730	0.135070	0.288540
1359125781.858181	0.079650	-0.206670	0.987980	0.066970	-0.665450	7.520160	0.059420	0.134000	0.288750
1359125781.874181	0.021780	-0.207300	1.004260	2.069390	-0.582230	4.628970	0.060890	0.134070	0.289300
1359125781.890181	0.044530	-0.158600	0.969810	1.708260	-2.334550	3.465720	0.060580	0.134270	0.288190
1359125781.906181	0.054190	-0.168130	0.972700	-0.003140	0.053340	-1.267640	0.061260	0.134930	0.288330
1359125781.922181	0.057770	-0.187080	1.008930	0.386380	0.323650	-1.768680	0.061380	0.134470	0.289160
1359125781.938181	0.092660	-0.181870	0.963860	-0.185160	0.689480	-4.701220	0.060340	0.134730	0.289230
1359125781.954181	0.121890	-0.184240	0.978570	0.262470	0.933950	-4.602140	0.061260	0.134800	0.288750
1359125781.970181	0.092890	-0.174530	0.992930	-0.308350	2.581980	-6.677640	0.060030	0.135200	0.289020
1359125781.986181	0.051370	-0.180510	0.993040	-0.748140	2.295420	-6.052570	0.059790	0.135260	0.288610
1359125782.002181	0.012360	-0.183020	1.003400	-0.308530	2.771180	-8.929740	0.058870	0.136190	0.288950
1359125782.018181	-0.044090	-0.152730	1.008060	0.352740	2.399630	-9.724780	0.058870	0.136530	0.289020
1359125782.034181	-0.076290	-0.145410	0.997480	-0.302280	2.214140	-11.910800	0.058190	0.136860	0.289860
1359125782.050181	-0.041250	-0.154260	1.014860	0.609420	1.236860	-12.421020	0.057400	0.137260	0.289720
1359125782.066181	0.009040	-0.123130	0.986800	0.729510	1.414860	-13.404800	0.056900	0.138450	0.289440
1359125782.082181	0.022130	-0.139510	1.001970	-0.073180	1.766190	-12.494230	0.057210	0.139120	0.289370
1359125782.098181	0.014750	-0.147890	0.994640	0.397190	1.947470	-11.756150	0.055920	0.140180	0.288810
1359125782.114181	0.004440	-0.136610	1.004570	0.512660	1.883750	-10.672980	0.055800	0.140650	0.288190
1359125782.130181	-0.029530	-0.135010	0.992960	0.424920	1.978830	-10.537060	0.055680	0.139980	0.289020
1359125782.146181	-0.051910	-0.134690	1.002430	0.498750	1.894340	-11.122490	0.054390	0.140980	0.288880
1359125782.162181	-0.044550	-0.136470	1.000360	0.415000	1.700380	-11.517920	0.053780	0.141640	0.289230
1359125782.178181	-0.020710	-0.136410	1.002320	0.618620	1.289350	-11.846200	0.053230	0.142510	0.288610
1359125782.194181	-0.001080	-0.131420	0.994120	0.897170	1.387620	-11.192560	0.053530	0.143370	0.288680
1359125782.210181	0.000780	-0.126510	0.998420	0.432160	1.589920	-10.399550	0.052120	0.143440	0.288880
1359125782.226181	-0.013560	-0.139750	1.000630	0.662350	1.564440	-9.474620	0.051660	0.144350	0.289200
1359125782.246181	-0.037310	-0.125080	0.997210	0.670620	1.669490	-9.230220	0.051310	0.144620	0.289480
1359125782.266181	-0.046690	-0.127420	1.003070	0.311720	1.380390	-9.311030	0.051450	0.144960	0.288950
1359125782.282181	-0.037550	-0.130080	0.998240	0.643190	1.147300	-9.339140	0.050220	0.145630	0.288260
1359125782.298181	-0.014640	-0.123130	1.001480	0.789320	1.072910	-9.175470	0.000000	0.000000	0.000000
1359125782.314181	-0.003760	-0.125390	0.997260	0.376230	1.262650	-8.251240	0.049460	0.146780	0.288440
1359125782.338181	-0.013810	-0.124690	1.001110	0.402950	1.271600	-7.360690	0.049250	0.147600	0.288810
1359125782.358181	-0.030320	-0.120380	1.001190	0.436710	1.107460	-7.050090	0.049060	0.147750	0.287700
1359125782.378181	-0.038740	-0.121760	0.999230	0.433850	1.106420	-7.100040	0.047650	0.148020	0.288470
1359125782.394181	-0.031180	-0.120960	1.001220	0.544730	0.832540	-7.072290	0.047950	0.148150	0.288400
1359125782.410181	-0.014780	-0.124330	0.999250	0.446640	0.880380	-6.756740	0.047030	0.148620	0.289160
1359125782.426181	-0.003950	-0.121000	0.999810	0.513870	0.748630	-6.443130	0.047220	0.149080	0.288680
1359125782.442181	-0.004220	-0.123540	0.999400	0.238950	0.781700	-5.787010	0.046790	0.149750	0.288330
1359125782.458181	-0.016020	-0.124180	1.000790	0.420870	1.011890	-5.431850	0.045990	0.149750	0.288680
1359125782.474181	-0.028140	-0.121430	1.000240	0.355340	0.796800	-5.048100	0.045190	0.150610	0.288470
1359125782.490181	-0.033590	-0.123350	0.999390	0.453240	0.738450	-5.273790	0.045870	0.150350	0.288540
1359125782.506181	-0.028400	-0.123330	1.001440	0.539290	0.417410	-5.196230	0.045680	0.150480	0.288050
1359125782.522181	-0.016200	-0.124880	1.001310	0.196800	0.482400	-5.029190	0.045380	0.150810	0.288470
1359125782.538181	-0.005310	-0.124650	0.998260	0.431720	0.622950	-4.479990	0.045320	0.151080	0.288750
1359125782.554181	-0.007120	-0.124500	0.998090	0.503860	0.548970	-3.951230	0.045680	0.151010	0.288540
1359125782.570181	-0.016870	-0.124430	1.001590	0.406540	0.770220	-3.474760	0.045560	0.151610	0.288260
1359125782.586181	-0.026970	-0.124860	0.999660	0.332750	0.728600	-3.394690	0.044950	0.151210	0.288950
1359125782.602181	-0.029140	-0.122340	1.000080	0.487020	0.644700	-3.463940	0.043610	0.150840	0.288540
1359125782.622181	-0.022710	-0.123390	0.999800	0.407760	0.561070	-3.176260	0.043860	0.151100	0.287480
1359125782.642181	-0.011610	-0.123540	1.001240	0.482210	0.475520	-2.917360	0.043720	0.151670	0.287840
1359125782.658181	-0.007120	-0.121800	0.998720	0.437260	0.449490	-2.442660	0.042990	0.151740	0.287350
1359125782.674181	-0.013220	-0.122580	0.998270	0.520110	0.485800	-2.078150	0.042920	0.152070	0.288260
1359125782.690181	-0.021850	-0.122600	1.002230	0.416990	0.465360	-1.942850	0.043660	0.152270	0.287700
1359125782.706181	-0.027010	-0.121520	1.000010	0.577930	0.490730	-1.478890	0.043290	0.151810	0.287840
1359125782.722181	-0.025350	-0.122650	1.001040	0.479060	0.307360	-1.554420	0.043350	0.151410	0.287490
1359125782.738181	-0.019650	-0.122450	0.998630	0.513290	0.312420	-1.519600	0.042860	0.152010	0.287350
1359125782.754181	-0.012220	-0.122920	1.000900	0.394670	0.197480	-1.224900	0.043290	0.152400	0.287490
1359125782.770181	-0.010710	-0.123580	0.999240	0.301550	0.282080	-0.824220	0.043540	0.151670	0.287840
1359125782.786181	-0.014360	-0.122780	1.000790	0.329040	0.056090	-0.490990	0.043290	0.152140	0.287770
1359125782.802181	-0.021410	-0.123340	1.000520	0.222440	0.293030	-0.274180	0.042310	0.151940	0.288120
1359125782.818181	-0.024960	-0.123050	1.000520	0.207510	0.235310	-0.334400	0.042680	0.152010	0.287280
1359125782.834181	-0.022430	-0.123530	0.999720	0.387190	0.160720	0.194730	0.043050	0.152400	0.287700
1359125782.850181	-0.016920	-0.124420	0.998910	0.279370	0.119290	0.115240	0.042990	0.152400	0.288190
1359125782.866181	-0.011430	-0.125300	1.000280	0.336000	0.019450	0.516400	0.042430	0.152220	0.288090
1359125782.886181	-0.012340	-0.125680	0.998820	0.378270	-0.035530	0.845150	0.043020	0.152480	0.287420
1359125782.906181	-0.017510	-0.125640	1.000680	0.361990	0.224070	0.988350	0.042370	0.152210	0.287700
1359125782.922181	-0.020640	-0.127130	1.000050	0.330740	-0.043440	1.162590	0.043170	0.152140	0.288120
1359125782.938181	-0.018960	-0.127510	1.000220	0.428650	-0.075640	1.026360	0.043660	0.152070	0.288190
1359125782.954181	-0.013400	-0.125980	0.999130	0.340830	-0.027870	1.032120	0.043600	0.152470	0.287980
1359125782.970181	-0.009140	-0.127240	0.999690	0.301330	-0.074840	1.067180	0.043110	0.152600	0.287420
1359125782.986181	-0.007450	-0.127390	0.999970	0.320330	-0.064630	1.478760	0.043480	0.151870	0.287770
1359125783.002181	-0.010670	-0.127380	0.999520	0.413810	0.050260	1.609480	0.043840	0.152670	0.287630
1359125783.018181	-0.014820	-0.126520	0.998840	0.256420	-0.037960	1.760350	0.044030	0.152010	0.288050
1359125783.034181	-0.017030	-0.127190	0.999820	0.379170	-0.001760	1.649500	0.043900	0.151740	0.287280
1359125783.050181	-0.014280	-0.127380	1.000160	0.398590	-0.044000	1.588910	0.044090	0.152140	0.287770
1359125783.066181	-0.009950	-0.128120	1.000090	0.500760	-0.138940	1.617930	0.043780	0.151210	0.286800
1359125783.082181	-0.006850	-0.128240	0.998880	0.347990	-0.295150	1.678010	0.043900	0.151540	0.287350
1359125783.098181	-0.006350	-0.128520	0.998710	0.281680	0.061460	1.640350	0.044460	0.151410	0.288050
1359125783.114181	-0.011090	-0.128590	0.999180	0.144380	0.051910	1.761480	0.044330	0.151540	0.287770
1359125783.130181	-0.013380	-0.127820	0.998670	0.383690	-0.043970	1.729540	0.044030	0.151280	0.288050
1359125783.146181	-0.013960	-0.128580	0.999810	0.365140	0.024410	1.333490	0.044520	0.151870	0.288050
1359125783.162181	-0.011840	-0.129530	0.999350	0.432960	-0.075700	1.397790	0.044150	0.151470	0.287980
1359125783.178181	-0.008110	-0.129120	0.998880	0.237940	0.051240	1.399570	0.044210	0.151610	0.288050
1359125783.194181	-0.006210	-0.130300	0.998080	0.472540	0.008080	1.448290	0.044700	0.151610	0.288120
1359125783.210181	-0.007770	-0.129410	0.999170	0.365570	0.139960	1.504860	0.044520	0.151080	0.287630
1359125783.226181	-0.010730	-0.130380	0.999570	0.262530	0.093210	1.485030	0.044820	0.151280	0.287700
1359125783.242181	-0.012170	-0.129300	0.999000	0.345430	0.024360	1.393830	0.044400	0.151080	0.287700
1359125783.258181	-0.012500	-0.129080	0.998830	0.369830	0.029720	1.484090	0.044760	0.151540	0.288050
1359125783.274181	-0.009870	-0.129840	0.999060	0.075520	-0.147050	1.218510	0.045810	0.150810	0.287280
1359125783.290181	-0.007270	-0.129570	0.999510	0.478930	0.212930	1.278820	0.045190	0.151280	0.287700
1359125783.306181	-0.006250	-0.129160	0.999220	0.404740	0.039790	1.112510	0.045320	0.151080	0.287840
1359125783.322181	-0.007830	-0.129580	0.999400	0.281780	-0.043240	1.147790	0.000000	0.000000	0.000000
1359125783.338181	-0.010430	-0.129610	0.998810	0.155170	0.070820	1.200330	0.045330	0.150560	0.287760
1359125783.358181	-0.010870	-0.129160	0.999450	0.370960	0.065410	0.898000	0.045190	0.151090	0.288070
1359125783.378181	-0.010470	-0.128990	0.998030	0.463520	0.018520	0.996630	0.045270	0.151350	0.287410
1359125783.394181	-0.007490	-0.129230	0.998940	0.291710	-0.137790	0.720490	0.044840	0.150960	0.288600
1359125783.410181	-0.006360	-0.129220	0.999400	0.463450	-0.054680	0.760260	0.044720	0.150560	0.288250
1359125783.426181	-0.008000	-0.129410	0.999910	0.444050	-0.049430	0.670040	0.045700	0.150960	0.288600
1359125783.442181	-0.010870	-0.129340	0.998950	0.223920	-0.016770	0.666360	0.044840	0.150890	0.288660
1359125783.458181	-0.012070	-0.129820	0.999230	0.482590	-0.091630	0.900490	0.044900	0.151220	0.287830
1359125783.474181	-0.011320	-0.128890	0.998950	0.434130	-0.075610	0.654870	0.045270	0.150160	0.288600
1359125783.490181	-0.009750	-0.129670	0.999570	0.508780	0.076180	0.449590	0.044960	0.150820	0.288390
1359125783.506181	-0.007890	-0.129530	0.999230	0.459310	-0.007580	0.459380	0.045760	0.150820	0.287830
1359125783.522181	-0.007720	-0.129580	0.999280	0.376480	0.082050	0.565770	0.045580	0.151490	0.288040
1359125783.538181	-0.009120	-0.129200	0.998600	0.485480	0.302050	0.566520	0.045030	0.150890	0.288530
1359125783.554181	-0.011100	-0.129280	0.998370	0.073330	0.141500	0.497420	0.045210	0.151290	0.288600
1359125783.570181	-0.011610	-0.129290	0.999580	0.577110	0.065160	0.529480	0.045820	0.150960	0.288460
1359125783.586181	-0.010820	-0.129220	0.999290	0.557940	0.107400	0.429440	0.046010	0.151090	0.287970
1359125783.602181	-0.009350	-0.129140	0.999060	0.431190	0.160510	0.309950	0.045270	0.150560	0.287970
1359125783.618181	-0.008620	-0.129420	0.998260	0.333560	0.187300	0.250380	0.045880	0.150820	0.288870
1359125783.634181	-0.008560	-0.129240	0.998260	0.435860	0.144780	0.395170	0.045520	0.150960	0.288390
1359125783.650181	-0.009960	-0.128810	0.999170	0.167070	0.177730	0.261250	0.045820	0.150490	0.288870
1359125783.666181	-0.011320	-0.128840	0.999450	0.357520	0.241890	0.160270	0.045770	0.150610	0.288730
1359125783.686181	-0.011340	-0.128010	0.998720	0.478240	0.106690	0.066620	0.046070	0.150400	0.288510
1359125783.706181	-0.010120	-0.128350	1.000030	0.396790	0.034610	-0.081650	0.046370	0.151160	0.288600
1359125783.722181	-0.008830	-0.128680	0.998890	0.377290	0.055830	-0.051350	0.046070	0.150960	0.287970
1359125783.738181	-0.009780	-0.128110	0.999350	0.339080	0.281860	0.195710	0.045390	0.150960	0.288530
1359125783.754181	-0.011290	-0.127560	0.999290	0.515210	0.233610	0.069100	0.045150	0.151490	0.288530
1359125783.770181	-0.012310	-0.127640	0.999640	0.289610	0.166640	0.105050	0.045940	0.150890	0.289150
1359125783.786181	-0.012660	-0.128330	1.000490	0.324360	0.192680	-0.110270	0.046130	0.151090	0.288730
1359125783.802181	-0.012030	-0.127690	0.999290	0.197790	0.324810	-0.078870	0.044840	0.150820	0.288660
1359125783.818181	-0.010800	-0.128300	0.999000	0.324000	0.166340	0.019590	0.045390	0.150690	0.288040
1359125783.834181	-0.010400	-0.128240	0.999290	0.721100	0.269260	0.003180	0.045520	0.151220	0.287830
1359125783.850181	-0.010920	-0.128940	0.998950	0.196100	0.088290	0.069930	0.045150	0.150620	0.288110
1359125783.866181	-0.012160	-0.128560	0.999980	0.274630	0.082630	-0.025840	0.045090	0.150560	0.288660
1359125783.882181	-0.012430	-0.128390	0.999520	0.467400	0.386240	-0.069950	0.044960	0.150620	0.287970
1359125783.898181	-0.012490	-0.128100	0.999580	0.406520	0.092320	0.174140	0.044960	0.151160	0.287970
1359125783.914181	-0.011810	-0.128320	0.998780	0.514940	0.228360	0.224590	0.045640	0.151350	0.288390
1359125783.930181	-0.010810	-0.129050	1.000030	0.451110	0.134090	-0.006370	0.045210	0.150820	0.288730
1359125783.946181	-0.010520	-0.128530	0.999520	0.499820	0.139070	0.158870	0.045640	0.151090	0.288940
1359125783.962181	-0.011700	-0.128550	0.999860	0.592530	0.091330	0.158340	0.044840	0.150560	0.289290
1359125783.978181	-0.012270	-0.128440	0.999410	0.425400	-0.007580	0.238900	0.045150	0.150820	0.289360
1359125783.994181	-0.012320	-0.128270	0.999580	0.552340	-0.092130	0.117260	0.046070	0.150760	0.288390
1359125784.010181	-0.011810	-0.128090	0.999290	0.376380	-0.012350	0.264010	0.045640	0.150820	0.288530
1359125784.026181	-0.011600	-0.129010	0.999460	0.537650	-0.070890	0.202590	0.045820	0.150560	0.288250
1359125784.042181	-0.010400	-0.128350	0.999120	0.429770	-0.107050	0.193100	0.045210	0.150690	0.288660
1359125784.058181	-0.010530	-0.128930	0.998720	0.401530	0.087150	0.219310	0.045640	0.150560	0.288870
1359125784.074181	-0.011130	-0.127960	0.999350	0.411610	0.118570	0.149190	0.045640	0.150820	0.288800
1359125784.090181	-0.011590	-0.128550	0.999690	0.285150	0.234870	0.090480	0.045450	0.150490	0.288660
1359125784.106181	-0.011650	-0.128780	1.000090	0.284440	0.129770	0.139950	0.045940	0.150960	0.288460
1359125784.122181	-0.010740	-0.128300	0.999690	0.505540	0.265290	0.114850	0.044840	0.151020	0.287830
1359125784.138181	-0.010640	-0.129110	0.999460	0.524150	0.054970	-0.072150	0.045640	0.150560	0.288600
1359125784.154181	-0.010300	-0.128990	0.999860	0.273740	-0.053660	0.003720	0.044960	0.150890	0.288390
1359125784.170181	-0.010470	-0.128930	0.999570	0.368340	0.276440	0.260780	0.045580	0.151090	0.289010
1359125784.186181	-0.011590	-0.128550	0.999630	0.342780	0.061150	0.129410	0.045390	0.150690	0.288600
1359125784.202181	-0.011600	-0.128830	0.999750	0.314330	0.213760	0.125150	0.045270	0.150690	0.288940
1359125784.218181	-0.010930	-0.129230	0.999630	0.270410	0.224630	0.085310	0.045270	0.150890	0.288320
1359125784.234181	-0.010570	-0.128240	0.998950	0.343650	0.171630	-0.005300	0.045580	0.150620	0.288730
1359125784.250181	-0.010020	-0.128700	1.000090	0.471670	0.296880	-0.015390	0.045940	0.151020	0.288600
1359125784.266181	-0.010480	-0.129110	1.000380	0.382990	0.281610	0.300890	0.045760	0.150290	0.288250
1359125784.282181	-0.010980	-0.128820	0.999580	0.391140	-0.043940	0.098100	0.045640	0.150890	0.287830
1359125784.298181	-0.011800	-0.127800	0.999120	0.313910	0.124350	0.049390	0.045820	0.151160	0.289080
1359125784.314181	-0.011710	-0.128720	0.999230	0.337740	0.045690	0.159150	0.045450	0.150960	0.288110
1359125784.330181	-0.010910	-0.128540	0.999350	0.548930	0.154560	0.113630	0.045820	0.150820	0.288110
1359125784.346181	-0.010680	-0.128190	1.000430	0.495150	0.128630	-0.021590	0.000000	0.000000	0.000000
1359125784.362181	-0.010790	-0.128690	0.999670	0.503470	0.214370	0.202830	0.046150	0.150290	0.289010
1359125784.386181	-0.011820	-0.128550	0.998950	0.314430	0.182160	-0.060300	0.045760	0.150160	0.289150
1359125784.402181	-0.012600	-0.128390	1.000150	0.314510	0.208490	-0.010250	0.046370	0.149630	0.288600
1359125784.418181	-0.012370	-0.128270	0.998610	0.235300	0.088050	0.104840	0.045880	0.149630	0.288600
1359125784.434181	-0.011650	-0.128780	0.999410	0.347300	-0.012410	0.083620	0.045450	0.150090	0.288730
1359125784.450181	-0.011300	-0.128250	0.999230	0.089110	0.220210	0.196630	0.045090	0.149630	0.288250
1359125784.466181	-0.011480	-0.128430	0.999180	0.420690	0.008440	0.183590	0.045450	0.149690	0.288320
1359125784.482181	-0.011030	-0.128420	0.999400	0.329910	0.355480	0.045750	0.045390	0.149500	0.289010
1359125784.498181	-0.011420	-0.128480	0.998490	0.283900	0.077340	0.280090	0.045270	0.149630	0.288320
1359125784.514181	-0.011700	-0.128090	0.999690	0.293980	0.092990	0.154790	0.045390	0.150160	0.289290
1359125784.530181	-0.011260	-0.128650	0.998950	0.390950	-0.049330	0.198510	0.046010	0.150090	0.288460
1359125784.546181	-0.011260	-0.128650	0.999000	0.343480	0.181990	0.144950	0.045820	0.150230	0.289010
1359125784.562181	-0.010460	-0.128590	0.999060	0.456290	0.186610	0.009050	0.045700	0.149830	0.288940
1359125784.578181	-0.011150	-0.129230	0.999800	0.524660	0.202010	0.169160	0.045150	0.149630	0.288800
1359125784.594181	-0.011960	-0.127280	0.999290	0.578060	0.138630	0.203640	0.045640	0.149760	0.289150
1359125784.610181	-0.011070	-0.127960	0.998890	0.372210	0.071610	0.124010	0.045700	0.149760	0.288390
1359125784.626181	-0.012030	-0.128030	0.999750	0.562450	-0.044890	0.092280	0.045330	0.149430	0.288800
1359125784.642181	-0.011880	-0.129120	0.999120	0.333210	0.077010	0.049000	0.045580	0.149230	0.288320
1359125784.658181	-0.011470	-0.128080	0.999180	0.259430	0.045930	0.159630	0.045030	0.149500	0.288730
1359125784.674181	-0.010240	-0.128460	0.998090	0.378170	0.281640	0.250720	0.045270	0.149960	0.288800
1359125784.690181	-0.011030	-0.128600	1.000320	0.225780	0.161630	0.215700	0.045580	0.149830	0.288320
1359125784.706181	-0.011600	-0.129070	1.000030	0.489240	0.018430	0.203380	0.045390	0.149890	0.288730
1359125784.722181	-0.011160	-0.129290	0.999690	0.215730	0.130230	0.260710	0.045390	0.149500	0.288730
1359125784.738181	-0.011500	-0.129520	0.998830	0.343460	0.192610	0.195140	0.045390	0.149160	0.288390
1359125784.754181	-0.011890	-0.129180	0.999180	0.495020	0.165390	0.199210	0.045150	0.149890	0.289290
1359125784.770181	-0.010910	-0.128310	0.999460	0.557880	0.038940	0.208170	0.045640	0.149430	0.287550
1359125784.786181	-0.011300	-0.128140	0.999860	0.420970	0.039780	0.123740	0.045270	0.149430	0.288040
1359125784.802181	-0.011240	-0.127960	0.999120	0.190080	-0.084800	0.189250	0.045210	0.149690	0.288530
1359125784.818181	-0.011360	-0.128080	0.998890	0.328230	0.108660	0.184680	0.045640	0.149830	0.287270
1359125784.834181	-0.010450	-0.127840	0.998950	0.436610	0.234020	0.255150	0.046130	0.149560	0.287970
1359125784.850181	-0.011410	-0.128020	0.999120	0.425970	0.081760	0.214130	0.045640	0.149890	0.287690
1359125784.866181	-0.010460	-0.128410	0.999800	0.445830	0.086900	0.053570	0.045940	0.149630	0.288040
1359125784.882181	-0.010510	-0.127780	0.999920	0.357570	0.076830	0.119170	0.046130	0.149160	0.287550
1359125784.898181	-0.010810	-0.128760	0.999120	0.279210	0.103550	0.255180	0.045270	0.149300	0.288390
1359125784.914181	-0.011030	-0.128770	0.999520	0.353160	0.113730	-0.050800	0.045520	0.149830	0.288250
1359125784.930181	-0.011140	-0.128600	0.999290	0.299660	0.240040	0.215740	0.045700	0.149690	0.288460
1359125784.946181	-0.011330	-0.129470	1.000320	0.348110	0.150430	0.139650	0.045520	0.149360	0.288390
1359125784.962181	-0.011140	-0.128660	1.000210	0.342820	0.066380	0.124300	0.045450	0.149690	0.288040
1359125784.978181	-0.011030	-0.128820	0.999000	0.299270	0.145590	0.104920	0.045640	0.150030	0.288040
1359125784.994181	-0.011260	-0.129000	0.998430	0.254030	-0.038030	0.159080	0.045150	0.149560	0.288320
1359125785.010181	-0.010980	-0.128940	0.999580	0.310490	0.402880	0.176500	0.046310	0.150160	0.289150
1359125785.026181	-0.010970	-0.128590	0.999290	0.323750	0.187360	0.260520	0.045940	0.150030	0.288320
1359125785.042181	-0.011530	-0.128200	0.999920	0.508790	0.013350	0.198300	0.045700	0.149960	0.287900
1359125785.058181	-0.011510	-0.127280	0.999580	0.392110	0.113440	0.084290	0.045520	0.150230	0.287970
1359125785.074181	-0.010280	-0.127600	0.998720	0.324550	0.255670	0.010410	0.045820	0.149630	0.287900
1359125785.090181	-0.010740	-0.128240	0.999290	0.274850	0.135190	0.034710	0.045330	0.150760	0.288530
1359125785.106181	-0.010920	-0.128540	1.000830	0.446120	0.139410	0.073840	0.045030	0.150030	0.288530
1359125785.122181	-0.011710	-0.128840	0.999750	0.226590	0.271980	0.080820	0.044840	0.150290	0.287760
1359125785.138181	-0.011640	-0.128030	0.998890	0.495320	0.249470	0.330230	0.044720	0.150420	0.288530
1359125785.154181	-0.011020	-0.128130	0.998380	0.244140	-0.095440	0.008690	0.044900	0.149760	0.288660
1359125785.170181	-0.011540	-0.128660	0.999350	0.348270	0.124160	-0.010910	0.045030	0.150090	0.288730
1359125785.186181	-0.010970	-0.128370	1.000210	0.401640	0.076680	0.103790	0.045940	0.150360	0.288250
1359125785.202181	-0.011020	-0.128020	1.000260	0.280630	0.334740	0.231460	0.045330	0.150620	0.288530
1359125785.218181	-0.011300	-0.128250	0.998720	0.324160	0.250410	0.240770	0.045820	0.150290	0.288530
1359125785.234181	-0.010570	-0.128180	0.999350	0.200840	0.072510	0.144960	0.045270	0.150490	0.288660
1359125785.250181	-0.011090	-0.128650	0.999000	0.500580	0.317730	0.355710	0.045760	0.150490	0.288110
1359125785.266181	-0.010680	-0.128300	0.999350	0.225080	0.061960	0.275290	0.045390	0.149760	0.288730
1359125785.282181	-0.011140	-0.128420	0.999290	0.211360	0.135440	-0.055050	0.045270	0.150890	0.288730
1359125785.298181	-0.011140	-0.128420	0.998830	0.290100	0.271620	0.190880	0.045640	0.150360	0.288530
1359125785.314181	-0.011190	-0.128190	0.998030	0.324120	0.208370	0.105170	0.045450	0.150230	0.288660
1359125785.330181	-0.011300	-0.127910	0.999010	0.529480	0.186200	0.154150	0.045090	0.151020	0.288530
1359125785.346181	-0.011920	-0.127860	0.999810	0.356680	-0.064810	0.143330	0.045580	0.150360	0.288600
1359125785.362181	-0.011470	-0.127970	0.998830	0.362680	0.155720	0.285180	0.045450	0.149500	0.287900
