1    -23  -5  219649 
1    -24  -1  16199 
1    -25  -1   8537 
1    -26  -1   8537 
1    -27  -1   7678 
1    -28  -1   8537 
1    -29  -1   8539 
1    -30  -1  16210 
1    -31  -1  25266 
1    -30   1  41478 
1    -31  -1  358135 
1    -32  -1   7678 
1    -33  -1   8536 
1    -31   2  66223 
1    -27   4   8195 
1    -22   5   7513 
1    -16   6   8361 
1    -11   5   6462 
1     -5   6   7544 
1      3   8   8550 
1     11   8   7518 
1     19   8   6416 
1     28   9   5957 
1     38  10   6406 
1     49  11   7358 
1     60  11   7088 
1     71  11   6805 
1     84  13   8141 
1     97  13   6790 
1    110  13   6329 
1    122  12   6704 
1    136  14   7356 
1    150  14   6481 
1    164  14   5701 
1    177  13   6784 
1    191  14   6651 
1    206  15   6669 
1    222  16   6528 
1    239  17   7165 
1    254  15   6246 
1    272  18   6913 
1    291  19   6932 
1    312  21   7358 
1    331  19   5982 
1    355  24   6459 
1    380  25   6391 
1    406  26   7491 
1    433  27   5976 
1    464  31   6856 
1    498  34   7667 
1    533  35   7355 
1    572  39   8394 
1    607  35   7218 
1    649  42   7606 
1    689  40   8089 
1    730  41   8159 
1    765  35   6278 
1    805  40   7864 
1    843  38   7872 
1    882  39   8292 
1    915  33   6989 
1    952  37   7469 
1    988  36   7603 
1   1024  36   7846 
1   1059  35   7908 
1   1090  31   6943 
1   1124  34   7569 
1   1157  33   8050 
1   1190  33   7831 
1   1219  29   7029 
1   1251  32   7559 
1   1282  31   7538 
1   1313  31   7226 
1   1339  26   6054 
1   1369  30   7616 
1   1399  30   7240 
1   1428  29   6241 
1   1456  28   5515 
1   1482  26   6886 
1   1510  28   5626 
1   1538  28   7186 
1   1566  28   7344 
1   1591  25   6324 
1   1618  27   7519 
1   1645  27   6746 
1   1672  27   6783 
1   1695  23   6613 
1   1722  27   7095 
1   1749  27   7735 
1   1774  25   6961 
1   1801  27   6606 
1   1823  22   6433 
1   1845  22   6848 
1   1869  24   6720 
1   1892  23   7245 
1   1912  20   6539 
1   1938  26   7263 
1   1965  27   7538 
1   1993  28   7440 
1   2023  30   6394 
1   2056  33   7568 
1   2089  33   6653 
1   2122  33   7243 
1   2155  33   7831 
1   2184  29   6744 
1   2214  30   7378 
1   2245  31   7482 
1   2276  31   7177 
1   2304  28   6253 
1   2335  31   7428 
1   2363  28   5293 
1   2393  30   6978 
1   2418  25   4725 
1   2445  27   7139 
1   2473  28   7329 
1   2500  27   7053 
1   2528  28   7730 
1   2552  24   6590 
1   2578  26   7106 
1   2604  26   7601 
1   2629  25   7004 
1   2652  23   6797 
1   2677  25   6764 
1   2702  25   6806 
1   2726  24   6743 
1   2748  22   6448 
1   2772  24   6741 
1   2796  24   7663 
1   2819  23   7063 
1   2840  21   5968 
1   2863  23   6475 
1   2886  23   6939 
1   2909  23   7254 
1   2931  22   7396 
1   2951  20   6983 
1   2973  22   6767 
1   2995  22   7207 
1   3017  22   7576 
1   3036  19   6586 
1   3057  21   7060 
1   3077  20   6097 
1   3098  21   7253 
1   3119  21   7635 
1   3137  18   6064 
1   3154  17   5878 
1   3171  17   6723 
1   3187  16   7201 
1   3199  12   5420 
1   3212  13   7968 
1   3225  13   6779 
1   3239  14   7625 
1   3252  13   6281 
1   3268  16   7271 
1   3285  17   6730 
1   3305  20   7052 
1   3327  22   6107 
1   3354  27   6049 
1   3385  31   7475 
1   3418  33   7266 
1   3450  32   7221 
1   3479  29   6625 
1   3510  31   7099 
1   3542  32   7691 
1   3572  30   7363 
1   3599  27   7091 
1   3629  30   7216 
1   3658  29   7794 
1   3687  29   5898 
1   3712  25   4733 
1   3740  28   7226 
1   3768  28   7653 
1   3795  27   7490 
1   3821  26   6759 
1   3844  23   6146 
1   3870  26   7283 
1   3895  25   7205 
1   3920  25   6567 
1   3941  21   5717 
1   3965  24   7317 
1   3988  23   6313 
1   4011  23   6870 
1   4031  20   5616 
1   4053  22   6145 
1   4075  22   6606 
1   4096  21   7036 
1   4117  21   6561 
1   4136  19   6070 
1   4156  20   6379 
1   4176  20   7215 
1   4196  20   6948 
1   4213  17   4800 
1   4232  19   5733 
1   4251  19   5928 
1   4269  18   5790 
1   4285  16   6210 
1   4303  18   6589 
1   4320  17   6667 
1   4338  18   7207 
1   4355  17   6857 
1   4370  15   6275 
1   4385  15   6566 
1   4397  12   6873 
1   4409  12   7402 
1   4419  10   6139 
1   4431  12   7276 
1   4445  14   7597 
1   4460  15   6493 
1   4475  15   5440 
1   4495  20   6473 
1   4517  22   6417 
1   4544  27   7761 
1   4574  30   6858 
1   4603  29   7006 
1   4638  35   7788 
1   4674  36   7583 
1   4709  35   7680 
1   4740  31   7010 
1   4775  35   7605 
1   4808  33   7664 
1   4842  34   8321 
1   4871  29   6623 
1   4903  32   7862 
1   4935  32   7569 
1   4965  30   7088 
1   4995  30   6742 
1   5022  27   6877 
1   5051  29   7206 
1   5079  28   6719 
1   5106  27   6440 
1   5130  24   6235 
1   5157  27   7052 
1   5182  25   6756 
1   5206  24   6270 
1   5228  22   6513 
1   5251  23   6888 
1   5273  22   6950 
1   5295  22   6857 
1   5316  21   6448 
1   5335  19   6470 
1   5355  20   6276 
1   5375  20   6182 
1   5394  19   5734 
1   5411  17   5420 
1   5429  18   6522 
1   5447  18   6905 
1   5464  17   6056 
1   5479  15   5879 
1   5496  17   6588 
1   5512  16   6286 
1   5528  16   6590 
1   5543  15   6399 
1   5557  14   5840 
1   5572  15   6699 
1   5586  14   7444 
1   5597  11   7528 
1   5606   9   7637 
1   5616  10   6930 
1   5628  12   7025 
1   5642  14   6937 
1   5656  14   6094 
1   5674  18   6116 
1   5695  21   7158 
1   5720  25   6592 
1   5748  28   7621 
1   5776  28   6984 
1   5811  35   7940 
1   5849  38   7804 
1   5890  41   8179 
1   5930  40   7284 
1   5977  47   8293 
1   6022  45   8081 
1   6069  47   8326 
1   6110  41   7312 
1   6154  44   8119 
1   6200  46   8328 
1   6242  42   7721 
1   6287  45   8212 
1   6326  39   7358 
1   6368  42   7770 
1   6411  43   8303 
1   6452  41   8243 
1   6489  37   7260 
1   6529  40   7940 
1   6569  40   7747 
1   6607  38   7797 
1   6646  39   8187 
1   6679  33   6296 
1   6717  38   7250 
1   6753  36   7508 
1   6789  36   7478 
1   6820  31   6594 
1   6856  36   8048 
1   6889  33   6982 
1   6923  34   7144 
1   6953  30   6356 
1   6986  33   7162 
1   7019  33   7264 
1   7051  32   7119 
1   7080  29   6758 
1   7111  31   7208 
1   7142  31   7385 
1   7173  31   7604 
1   7203  30   6674 
1   7230  27   6294 
1   7260  30   6482 
1   7290  30   7216 
1   7319  29   6908 
1   7346  27   6951 
1   7375  29   8223 
1   7403  28   7626 
1   7425  22   7126 
1   7440  15   5606 
1   7455  15   6796 
1   7469  14   6048 
1   7484  15   6985 
1   7499  15   6471 
1   7515  16   5823 
1   7534  19   5393 
0     -1  -1  3598417 
1   7558  24   7012 
1   7583  25   6697 
1   7608  25   6458 
1   7642  34   7632 
0      0   1  32569 
1   7677  35   7795 
1   7718  41   7815 
1   7754  36   6910 
1   7799  45   8273 
1   7843  44   8201 
1   7885  42   7424 
1   7929  44   8260 
1   7966  37   7349 
1   8007  41   8150 
1   8050  43   7992 
1   8091  41   8189 
1   8126  35   6672 
1   8166  40   8125 
1   8204  38   6500 
1   8242  38   8189 
1   8276  34   7340 
1   8314  38   8142 
1   8351  37   7903 
1   8387  36   7050 
1   8424  37   8029 
1   8456  32   6905 
1   8491  35   7804 
1   8527  36   7636 
1   8561  34   7359 
1   8592  31   6275 
1   8627  35   7634 
1   8661  34   7855 
1   8695  34   7176 
1   8725  30   6551 
1   8759  34   7943 
1   8792  33   7720 
1   8826  34   7418 
1   8858  32   7765 
1   8887  29   6553 
1   8919  32   7153 
1   8952  33   7897 
1   8984  32   7976 
1   9012  28   6578 
1   9038  26   6832 
1   9059  21   6619 
1   9080  21   6533 
1   9098  18   7281 
1   9116  18   6119 
1   9136  20   6756 
1   9156  20   5884 
1   9179  23   7042 
1   9201  22   6249 
1   9231  30   8055 
0     -1  -1  399972 
1   9262  31   7317 
1   9295  33   7496 
1   9325  30   6410 
0      0   1  24410 
1   9357  32   7553 
1   9389  32   7853 
1   9420  31   7083 
1   9448  28   6430 
1   9479  31   7235 
1   9508  29   7667 
1   9538  30   7565 
1   9567  29   8186 
1   9593  26   6802 
1   9621  28   7427 
1   9648  27   6997 
1   9676  28   7433 
1   9700  24   6610 
1   9726  26   6805 
1   9752  26   7514 
1   9777  25   6764 
1   9799  22   6296 
1   9823  24   6340 
1   9847  24   6856 
1   9871  24   7385 
1   9894  23   7057 
1   9914  20   5840 
1   9937  23   7086 
1   9959  22   7440 
1   9981  22   7264 
1  10000  19   5766 
1  10021  21   6663 
1  10042  21   6549 
1  10062  20   6702 
1  10080  18   6042 
1  10099  19   5474 
1  10119  20   7389 
1  10138  19   5363 
1  10156  18   6297 
1  10173  17   5508 
1  10191  18   6792 
1  10209  18   6613 
1  10225  16   6611 
1  10237  12   5666 
1  10250  13   6688 
1  10263  13   7582 
1  10275  12   6568 
1  10288  13   6993 
1  10304  16   6415 
1  10322  18   5704 
1  10343  21   6904 
1  10366  23   7031 
1  10391  25   6871 
1  10421  30   7445 
1  10455  34   7860 
1  10492  37   7540 
1  10526  34   7280 
1  10565  39   8270 
1  10603  38   8181 
1  10640  37   7526 
1  10673  33   6615 
1  10709  36   7897 
1  10744  35   7353 
1  10779  35   7564 
1  10813  34   7138 
1  10844  31   6861 
1  10876  32   7737 
1  10908  32   7474 
1  10939  31   7518 
1  10967  28   6460 
1  10996  29   7735 
1  11024  28   5381 
1  11052  28   6946 
1  11075  23   6116 
1  11101  26   6464 
1  11127  26   6982 
1  11151  24   6672 
1  11175  24   6920 
1  11196  21   6461 
1  11218  22   7311 
1  11240  22   6119 
1  11262  22   6556 
1  11281  19   5974 
1  11301  20   7077 
1  11321  20   7150 
1  11341  20   6573 
1  11358  17   5309 
1  11376  18   6752 
1  11394  18   6790 
1  11412  18   6846 
1  11429  17   6821 
1  11444  15   5984 
1  11460  16   6687 
1  11476  16   6437 
1  11492  16   7039 
1  11504  12   5746 
1  11519  15   7351 
1  11534  15   6788 
1  11551  17   7247 
1  11568  17   5640 
1  11589  21   6611 
1  11614  25   7167 
1  11642  28   7687 
1  11673  31   7198 
1  11703  30   6561 
1  11740  37   8222 
1  11778  38   6739 
1  11818  40   7590 
1  11852  34   5614 
1  11891  39   8192 
1  11928  37   7943 
1  11966  38   7423 
1  11998  32   6695 
1  12035  37   7447 
1  12070  35   7247 
1  12106  36   7761 
1  12140  34   7163 
1  12172  32   7098 
1  12205  33   7714 
1  12239  34   7904 
1  12272  33   7534 
1  12301  29   7057 
1  12333  32   7085 
1  12364  31   7624 
1  12395  31   7056 
1  12422  27   6274 
1  12452  30   7934 
1  12481  29   6725 
1  12510  29   8429 
1  12535  25   6066 
1  12563  28   7518 
1  12591  28   7726 
1  12618  27   7469 
1  12644  26   6727 
1  12668  24   6789 
1  12694  26   7193 
1  12719  25   6819 
1  12744  25   6741 
1  12766  22   5923 
1  12790  24   6799 
1  12814  24   6397 
1  12838  24   6933 
1  12857  19   6713 
1  12876  19   5695 
1  12895  19   5880 
1  12914  19   8302 
1  12933  19   8136 
1  12952  19   5708 
1  12975  23   7184 
1  13000  25   6781 
1  13029  29   7245 
1  13057  28   6888 
0     -1  -1  1225409 
1  13092  35   7171 
1  13131  39   7205 
0      0   1  17072 
1  13172  41   8223 
1  13208  36   7353 
1  13249  41   8159 
1  13289  40   7878 
1  13330  41   8135 
1  13369  39   7913 
1  13406  37   6961 
1  13445  39   7476 
1  13486  41   7588 
1  13526  40   8235 
1  13561  35   7259 
1  13601  40   8268 
1  13639  38   6312 
1  13679  40   8344 
1  13713  34   7336 
1  13749  36   6675 
1  13787  38   7324 
1  13825  38   8220 
1  13861  36   7490 
1  13891  30   6144 
1  13927  36   7169 
1  13961  34   7966 
1  13994  33   6702 
1  14024  30   5979 
1  14058  34   7607 
1  14091  33   7521 
1  14123  32   7525 
1  14155  32   7225 
1  14183  28   6575 
1  14215  32   7286 
1  14245  30   6954 
1  14276  31   7598 
1  14303  27   6195 
1  14333  30   7566 
1  14363  30   6793 
1  14393  30   7631 
1  14419  26   6562 
1  14449  30   7359 
1  14476  27   6740 
1  14499  23   6385 
1  14519  20   5650 
1  14536  17   6603 
1  14555  19   6041 
1  14575  20   6538 
1  14596  21   6869 
1  14617  21   5925 
1  14644  27   7238 
0     -1  -1  391430 
1  14673  29   6737 
1  14708  35   7229 
1  14741  33   5921 
1  14784  43   8339 
1  14826  42   8126 
1  14869  43   8172 
1  14912  43   7953 
1  14949  37   7218 
1  14991  42   7882 
1  15032  41   8168 
1  15074  42   8004 
1  15109  35   6946 
1  15149  40   7807 
0      0   1  108060 
1  15188  39   8199 
1  15227  39   7857 
1  15261  34   7364 
1  15298  37   7394 
1  15335  37   7946 
1  15371  36   7836 
1  15406  35   7454 
1  15437  31   6300 
1  15471  34   7122 
1  15505  34   6973 
1  15538  33   7879 
1  15567  29   6708 
1  15598  31   6962 
1  15630  32   7360 
1  15661  31   7142 
1  15688  27   6592 
1  15718  30   6774 
1  15748  30   7203 
1  15777  29   6119 
1  15806  29   6464 
1  15832  26   7469 
1  15860  28   7471 
1  15888  28   6832 
1  15915  27   6412 
1  15939  24   6247 
1  15966  27   6953 
1  15992  26   7122 
1  16019  27   7349 
1  16041  22   5881 
1  16066  25   6776 
1  16090  24   7206 
1  16110  20   6234 
1  16130  20   8138 
1  16147  17   5115 
1  16168  21   7409 
1  16190  22   6348 
1  16216  26   7228 
1  16241  25   4823 
0     -1  -1  316682 
1  16272  31   6845 
1  16308  36   7713 
1  16346  38   7187 
1  16381  35   6549 
1  16421  40   8300 
0      0   1  41825 
1  16460  39   7473 
1  16498  38   7517 
1  16535  37   7742 
1  16568  33   6997 
1  16605  37   8007 
1  16640  35   8166 
1  16674  34   7376 
1  16704  30   7007 
1  16737  33   7476 
1  16769  32   7184 
1  16801  32   7280 
1  16828  27   6584 
1  16858  30   7537 
1  16887  29   7051 
1  16916  29   8393 
1  16943  27   7470 
1  16967  24   6644 
1  16993  26   7198 
1  17018  25   6581 
1  17043  25   6814 
1  17065  22   6595 
1  17088  23   6872 
1  17112  24   7124 
1  17134  22   7172 
1  17153  19   5724 
1  17175  22   6606 
1  17196  21   7315 
1  17216  20   6746 
1  17236  20   6764 
1  17253  17   4771 
1  17272  19   5885 
1  17291  19   5893 
1  17309  18   7340 
1  17325  16   6040 
1  17342  17   6795 
1  17359  17   6756 
1  17376  17   6608 
1  17390  14   5424 
1  17406  16   6808 
1  17421  15   6528 
1  17437  16   6969 
1  17451  14   6299 
1  17464  13   5455 
1  17476  12   7445 
1  17488  12   7347 
1  17501  13   8022 
1  17512  11   5868 
1  17527  15   6531 
1  17544  17   7240 
1  17565  21   7829 
1  17585  20   6363 
1  17609  24   7444 
1  17637  28   7084 
1  17669  32   7379 
1  17704  35   7841 
1  17738  34   7212 
1  17780  42   8298 
1  17823  43   8147 
1  17868  45   8269 
1  17905  37   6982 
1  17948  43   7687 
1  17991  43   8372 
1  18032  41   8155 
1  18068  36   6546 
1  18109  41   7983 
1  18148  39   7703 
1  18187  39   6822 
1  18226  39   8297 
1  18260  34   7383 
1  18297  37   7086 
1  18334  37   7928 
1  18370  36   7752 
1  18402  32   6713 
1  18437  35   7454 
1  18472  35   7214 
1  18506  34   7436 
1  18537  31   7139 
1  18570  33   7373 
1  18603  33   7813 
1  18636  33   7649 
1  18669  33   7953 
1  18697  28   6582 
1  18729  32   6820 
1  18760  31   7070 
1  18792  32   7278 
1  18820  28   6695 
1  18850  30   7704 
1  18881  31   7512 
1  18911  30   7629 
1  18939  28   6602 
1  18969  30   7260 
1  18999  30   6712 
1  19029  30   7251 
1  19058  29   8200 
1  19085  27   6980 
1  19108  23   6206 
1  19128  20   6849 
1  19148  20   5744 
1  19165  17   5407 
1  19184  19   5679 
1  19206  22   6337 
1  19232  26   7681 
1  19256  24   7016 
0     -1  -1  858661 
1  19286  30   6666 
1  19321  35   7204 
1  19361  40   8347 
1  19402  41   7683 
1  19442  40   6763 
0      0   1  41824 
1  19484  42   7826 
1  19526  42   7939 
1  19569  43   8213 
1  19605  36   6484 
1  19645  40   7627 
1  19685  40   6690 
1  19724  39   8369 
1  19758  34   7260 
1  19796  38   6770 
1  19835  39   8281 
1  19872  37   7851 
1  19909  37   7557 
1  19941  32   6483 
1  19978  37   7940 
1  20014  36   7610 
1  20050  36   7870 
1  20081  31   6560 
1  20116  35   7437 
1  20151  35   7890 
1  20186  35   7295 
1  20216  30   6494 
1  20251  35   7661 
1  20285  34   7884 
1  20319  34   7170 
1  20352  33   7845 
1  20381  29   6889 
1  20414  33   7450 
1  20447  33   7891 
1  20480  33   7475 
1  20509  29   7018 
1  20542  33   7547 
1  20573  31   7817 
1  20606  33   7932 
1  20634  28   6187 
1  20666  32   7297 
1  20697  31   7460 
1  20727  30   7131 
1  20758  31   7533 
1  20782  24   6423 
1  20804  22   6909 
1  20826  22   6794 
1  20846  20   6215 
1  20865  19   5941 
1  20890  25   6620 
1  20918  28   8357 
1  20948  30   7142 
1  20978  30   6512 
0     -1  -1  391456 
1  21016  38   8304 
1  21057  41   8254 
1  21099  42   7838 
1  21141  42   7508 
1  21177  36   6905 
1  21218  41   7935 
1  21257  39   7392 
1  21296  39   6805 
1  21331  35   7499 
1  21369  38   8221 
1  21406  37   7783 
1  21443  37   7891 
0      0   1  99525 
1  21475  32   6509 
1  21512  37   8029 
1  21547  35   7843 
1  21582  35   7851 
1  21616  34   7408 
1  21647  31   6737 
1  21680  33   7111 
1  21713  33   7432 
1  21746  33   7927 
1  21776  30   6383 
1  21807  31   7050 
1  21839  32   7876 
1  21870  31   7101 
1  21898  28   6763 
1  21929  31   7594 
1  21959  30   7522 
1  21989  30   7183 
1  22018  29   8207 
1  22043  25   4706 
1  22072  29   8316 
1  22100  28   7280 
1  22127  27   7412 
1  22151  24   6641 
1  22177  26   7138 
1  22203  26   6737 
1  22228  25   6831 
1  22253  25   7215 
1  22275  22   6314 
1  22299  24   6891 
1  22322  23   6368 
1  22345  23   6435 
1  22366  21   6229 
1  22385  19   5191 
1  22403  18   6779 
1  22421  18   7435 
1  22437  16   5674 
1  22456  19   8172 
1  22477  21   6293 
1  22501  24   7302 
1  22527  26   7339 
1  22552  25   7278 
1  22582  30   7342 
1  22616  34   7538 
1  22655  39   7724 
1  22691  36   7264 
1  22733  42   7883 
1  22775  42   7862 
1  22816  41   7817 
1  22852  36   6893 
0     -1  -1  408511 
1  22892  40   7881 
1  22932  40   7922 
1  22970  38   7438 
1  23009  39   8270 
0      0   1  32947 
1  23043  34   7356 
1  23081  38   8204 
1  23118  37   8140 
1  23155  37   7822 
1  23188  33   6366 
1  23224  36   7417 
1  23261  37   7667 
1  23296  35   7736 
1  23328  32   7012 
1  23363  35   7517 
1  23398  35   6781 
1  23433  35   8019 
1  23467  34   7386 
1  23497  30   5895 
1  23531  34   7664 
1  23564  33   6718 
1  23596  32   7549 
1  23626  30   6685 
1  23657  31   7434 
1  23689  32   7506 
1  23720  31   7188 
1  23747  27   6974 
1  23778  31   7663 
1  23806  28   7628 
1  23836  30   7276 
1  23865  29   8319 
1  23889  24   6133 
1  23917  28   7509 
1  23944  27   7305 
1  23966  22   6837 
1  23983  17   5256 
1  24000  17   5910 
1  24017  17   6295 
1  24035  18   6918 
1  24055  20   6029 
1  24075  20   5963 
1  24100  25   7298 
0     -1  -1  308661 
1  24129  29   6792 
1  24162  33   7261 
1  24194  32   6881 
1  24233  39   8281 
1  24272  39   8221 
1  24310  38   8206 
1  24344  34   7336 
1  24381  37   7448 
1  24418  37   7575 
1  24454  36   7117 
1  24490  36   7815 
1  24522  32   6705 
1  24558  36   7871 
0      0   1  108478 
1  24593  35   7222 
1  24628  35   7046 
1  24659  31   7047 
1  24694  35   7172 
1  24728  34   7831 
1  24763  35   7208 
1  24793  30   6915 
1  24827  34   7172 
1  24862  35   8047 
1  24895  33   7757 
1  24929  34   7938 
1  24957  28   6491 
1  24992  35   7883 
1  25024  32   7437 
1  25058  34   7983 
1  25087  29   6302 
1  25120  33   7478 
1  25153  33   7996 
1  25185  32   7818 
1  25214  29   6333 
1  25244  30   6234 
1  25275  31   6996 
1  25306  31   7514 
1  25337  31   7016 
1  25365  28   6820 
1  25394  29   8156 
1  25423  29   6765 
1  25453  30   6986 
1  25478  25   6672 
1  25504  26   6662 
1  25525  21   5938 
1  25543  18   5874 
1  25558  15   5902 
1  25574  16   6763 
1  25591  17   6421 
1  25610  19   7524 
1  25630  20   6321 
1  25651  21   6142 
1  25677  26   6863 
0     -1  -1  325474 
1  25707  30   7266 
1  25741  34   7440 
0      0   1  23764 
1  25820  79  15675 
1  25864  44   8186 
1  25904  40   7361 
0     -1  -1  24749 
1  25948  44   8144 
1  25992  44   8183 
1  26036  44   8191 
1  26075  39   7299 
1  26118  43   7579 
1  26161  43   7377 
0      0   1  50010 
1  26204  43   7906 
1  26243  39   7050 
1  26286  43   8208 
1  26328  42   8158 
1  26371  43   8192 
1  26413  42   7904 
1  26451  38   6990 
1  26492  41   8217 
1  26533  41   8159 
1  26573  40   7860 
1  26608  35   7322 
1  26646  38   8168 
1  26684  38   8165 
1  26721  37   7859 
1  26755  34   7469 
1  26791  36   7831 
1  26827  36   7507 
1  26862  35   7545 
1  26896  34   7332 
1  26927  31   6831 
1  26960  33   6748 
1  26993  33   7537 
1  27025  32   7415 
1  27054  29   6767 
1  27085  31   7465 
1  27116  31   6829 
1  27146  30   6718 
1  27173  27   6315 
1  27203  30   7588 
1  27230  27   6574 
1  27252  22   6684 
1  27272  20   7049 
1  27290  18   7898 
1  27309  19   6927 
1  27332  23   6759 
1  27357  25   7151 
1  27382  25   6153 
1  27415  33   7552 
0     -1  -1  316334 
1  27453  38   7363 
1  27494  41   7800 
1  27538  44   7906 
1  27576  38   7325 
1  27619  43   8199 
1  27661  42   7486 
1  27703  42   7843 
1  27740  37   7232 
1  27781  41   8219 
1  27822  41   7474 
1  27863  41   8325 
1  27899  36   7050 
1  27938  39   7821 
0      0   1  108388 
1  27977  39   7793 
1  28015  38   7861 
1  28053  38   8271 
1  28086  33   6983 
1  28122  36   7402 
1  28157  35   7457 
1  28192  35   7539 
1  28222  30   5926 
1  28256  34   6962 
1  28288  32   7763 
1  28320  32   7478 
1  28348  28   6342 
1  28379  31   6913 
1  28409  30   7413 
1  28439  30   7008 
1  28467  28   8104 
1  28492  25   5225 
1  28520  28   8025 
1  28547  27   7086 
1  28573  26   7443 
1  28596  23   6300 
1  28622  26   6907 
1  28646  24   6265 
1  28668  22   6523 
1  28684  16   5428 
1  28700  16   6725 
1  28714  14   7077 
1  28729  15   6433 
1  28745  16   6633 
1  28762  17   7502 
1  28783  21   6466 
1  28808  25   7525 
1  28838  30   6931 
0     -1  -1  274855 
1  28867  29   6524 
1  28903  36   7149 
1  28939  36   7571 
1  28975  36   7580 
1  29006  31   6618 
1  29041  35   7882 
1  29074  33   7313 
1  29108  34   6846 
1  29141  33   7905 
1  29171  30   6328 
1  29203  32   7571 
0      0   1  92190 
1  29236  33   7509 
1  29267  31   7065 
1  29296  29   6166 
1  29327  31   7461 
1  29357  30   8223 
1  29388  31   7174 
1  29414  26   7290 
1  29443  29   6318 
1  29473  30   7076 
1  29500  27   6986 
1  29529  29   6172 
1  29554  25   6442 
1  29581  27   7507 
1  29608  27   7521 
1  29634  26   7200 
1  29657  23   6289 
1  29682  25   6992 
1  29707  25   7216 
1  29732  25   7322 
1  29753  21   6081 
1  29777  24   6947 
1  29800  23   6717 
1  29823  23   6774 
1  29846  23   6594 
1  29866  20   6070 
1  29888  22   6630 
1  29909  21   6985 
1  29929  20   6795 
1  29948  19   5951 
1  29970  22   7482 
1  29994  24   6855 
1  30021  27   6173 
1  30048  27   7015 
1  30081  33   6796 
1  30118  37   8035 
0     -1  -1  291914 
1  30154  36   7826 
1  30190  36   7428 
1  30221  31   6234 
1  30257  36   7842 
1  30292  35   7171 
1  30328  36   7642 
1  30358  30   6219 
1  30394  36   8319 
1  30427  33   7675 
1  30463  36   7336 
1  30493  30   6986 
1  30528  35   7543 
1  30562  34   7877 
1  30596  34   7390 
1  30629  33   8159 
0      0   1  124264 
1  30659  30   6969 
1  30693  34   7004 
1  30726  33   7509 
1  30760  34   7534 
1  30788  28   6851 
1  30822  34   7622 
1  30854  32   7179 
1  30887  33   7203 
1  30915  28   6092 
1  30947  32   7523 
1  30979  32   7605 
1  31009  30   6389 
1  31040  31   7697 
1  31067  27   6916 
1  31098  31   7107 
1  31128  30   7157 
1  31157  29   8300 
1  31183  26   6360 
1  31212  29   8173 
1  31239  27   7086 
1  31266  27   6789 
1  31290  24   6152 
1  31314  24   6778 
1  31338  24   6880 
1  31361  23   7107 
1  31384  23   6945 
1  31407  23   6381 
1  31435  28   5466 
1  31467  32   7009 
1  31502  35   7434 
0     -1  -1  250083 
1  31535  33   6735 
1  31572  37   7478 
1  31608  36   7499 
1  31644  36   7409 
1  31676  32   6281 
1  31712  36   7548 
1  31748  36   7299 
1  31783  35   7767 
1  31818  35   7118 
1  31849  31   6638 
0      0   1  83652 
1  31883  34   8062 
1  31918  35   7514 
1  31951  33   7797 
1  31982  31   6642 
1  32015  33   7136 
1  32049  34   7526 
1  32082  33   7532 
1  32111  29   6902 
1  32144  33   7481 
1  32176  32   7132 
1  32209  33   7697 
1  32240  31   7462 
1  32269  29   6744 
1  32300  31   7473 
1  32330  30   6987 
1  32361  31   7352 
1  32387  26   7321 
1  32416  29   6290 
1  32446  30   7058 
1  32474  28   7181 
1  32499  25   4744 
1  32527  28   7201 
1  32554  27   6470 
1  32581  27   7143 
1  32608  27   7367 
1  32631  23   6636 
1  32656  25   6263 
1  32681  25   6818 
1  32706  25   6902 
1  32727  21   5872 
1  32750  23   7068 
1  32772  22   6655 
1  32796  24   7021 
1  32818  22   5838 
1  32846  28   7680 
1  32876  30   7015 
1  32910  34   7996 
0     -1  -1  308630 
1  32946  36   7436 
1  32979  33   6984 
1  33016  37   7574 
1  33052  36   6757 
1  33088  36   8007 
1  33119  31   7264 
1  33154  35   7553 
1  33188  34   7742 
1  33222  34   7590 
0      0   1  75160 
1  33255  33   7779 
1  33285  30   6337 
1  33317  32   7422 
1  33350  33   8074 
1  33381  31   6950 
1  33409  28   7058 
1  33440  31   7148 
1  33470  30   7175 
1  33500  30   6784 
1  33527  27   6160 
1  33555  28   7028 
1  33584  29   8307 
1  33611  27   6677 
1  33639  28   7295 
1  33663  24   6323 
1  33689  26   7526 
1  33715  26   7109 
1  33740  25   6377 
1  33762  22   6757 
1  33786  24   6334 
1  33810  24   6941 
1  33833  23   7255 
1  33853  20   5857 
1  33875  22   6432 
1  33916  41  13313 
1  33936  20   6679 
1  33956  20   7568 
1  33975  19   6010 
1  33991  16   6275 
1  34009  18   7040 
1  34027  18   6432 
1  34046  19   5465 
1  34065  19   6616 
1  34090  25   7413 
1  34117  27   7539 
1  34147  30   7143 
1  34179  32   7830 
0     -1  -1  315113 
1  34207  28   6195 
1  34238  31   7147 
1  34269  31   7687 
1  34299  30   7441 
1  34325  26   5518 
1  34354  29   8422 
1  34382  28   5661 
1  34409  27   6744 
1  34434  25   6529 
1  34460  26   6633 
1  34486  26   7722 
1  34511  25   6589 
1  34536  25   7139 
1  34558  22   6374 
1  34583  25   7333 
1  34607  24   6889 
1  34630  23   6773 
0      0   1  141354 
1  34651  21   6683 
1  34673  22   7301 
1  34695  22   6500 
1  34717  22   6470 
1  34737  20   6230 
1  34757  20   6573 
1  34779  22   6703 
1  34799  20   6278 
1  34819  20   7928 
1  34837  18   6356 
1  34857  20   6909 
1  34876  19   6373 
1  34894  18   6761 
1  34912  18   6192 
1  34930  18   5913 
1  34948  18   6797 
1  34965  17   6473 
1  34982  17   7289 
1  35000  18   6801 
1  35017  17   6460 
1  35032  15   7126 
1  35048  16   7249 
1  35063  15   5899 
1  35080  17   6232 
1  35100  20   7133 
1  35122  22   6036 
1  35145  23   6269 
1  35174  29   6693 
1  35207  33   7332 
1  35245  38   7528 
1  35284  39   7487 
1  35326  42   8101 
1  35370  44   8314 
1  35411  41   8071 
0     -1  -1  283904 
1  35453  42   7610 
1  35489  36   7296 
1  35529  40   7821 
1  35568  39   7115 
1  35607  39   8257 
1  35641  34   7301 
0      0   1  49163 
1  35679  38   7951 
1  35716  37   7482 
1  35752  36   7373 
1  35785  33   6805 
1  35820  35   7018 
1  35856  36   7688 
1  35891  35   7554 
1  35925  34   7827 
1  35955  30   6506 
1  35989  34   8048 
1  36022  33   7743 
1  36055  33   7532 
1  36084  29   6526 
1  36116  32   7218 
1  36149  33   7891 
1  36181  32   7290 
1  36210  29   6320 
1  36241  31   7361 
1  36272  31   6386 
1  36304  32   7629 
1  36335  31   7296 
1  36364  29   6988 
1  36393  29   6275 
1  36424  31   7884 
1  36455  31   7690 
1  36481  26   6962 
1  36512  31   6650 
1  36542  30   7074 
1  36572  30   7462 
1  36601  29   6743 
1  36624  23   6197 
1  36652  28   6919 
1  36679  27   7212 
1  36708  29   7474 
1  36737  29   6772 
1  36771  34   7150 
1  36809  38   7904 
0     -1  -1  308661 
1  36850  41   8167 
1  36886  36   7254 
1  36925  39   8289 
1  36964  39   7687 
1  37002  38   7942 
1  37040  38   8273 
1  37073  33   6550 
1  37111  38   6841 
1  37148  37   7951 
1  37184  36   7808 
1  37216  32   6629 
1  37252  36   7163 
1  37287  35   7113 
1  37322  35   7134 
1  37354  32   7186 
1  37388  34   7405 
1  37422  34   7100 
1  37456  34   7548 
1  37490  34   7886 
1  37520  30   6594 
1  37554  34   6950 
1  37587  33   7427 
1  37620  33   7497 
1  37649  29   6842 
1  37682  33   7473 
1  37713  31   6987 
1  37746  33   6817 
1  37775  29   6501 
1  37807  32   7036 
1  37839  32   7588 
1  37870  31   7427 
1  37902  32   7885 
1  37930  28   6461 
1  37961  31   7370 
1  37992  31   7328 
1  38022  30   6752 
1  38049  27   6600 
1  38078  29   8163 
1  38108  30   7229 
1  38137  29   8307 
1  38162  25   6092 
1  38190  28   7734 
0      0   1  350262 
1  38215  25   7151 
1  38239  24   7415 
1  38264  25   6982 
1  38289  25   6899 
1  38318  29   6389 
1  38351  33   7271 
0     -1  -1  50071 
1  38386  35   7803 
1  38421  35   6662 
1  38462  41   7579 
1  38503  41   8196 
1  38543  40   7843 
1  38578  35   7248 
1  38617  39   8241 
1  38655  38   8130 
1  38693  38   8238 
1  38730  37   7807 
1  38763  33   6644 
1  38800  37   7595 
1  38835  35   7764 
1  38871  36   8004 
1  38902  31   6928 
1  38937  35   7538 
1  38971  34   7867 
1  39005  34   7909 
1  39034  29   5774 
1  39068  34   7979 
1  39100  32   7462 
1  39132  32   7409 
1  39164  32   7620 
1  39192  28   6225 
1  39223  31   7534 
1  39254  31   7598 
1  39284  30   6732 
1  39311  27   6863 
1  39340  29   7387 
1  39369  29   8293 
1  39397  28   5294 
1  39422  25   5630 
1  39449  27   6792 
1  39477  28   7375 
1  39503  26   6704 
1  39529  26   7277 
1  39552  23   6294 
1  39577  25   6866 
1  39601  24   6353 
1  39626  25   7361 
1  39645  19   5750 
1  39664  19   5691 
0      0   1  349969 
1  39684  20   8768 
1  39703  19   5540 
1  39722  19   6099 
1  39745  23   6913 
1  39771  26   7248 
0     -1  -1  41488 
1  39799  28   7379 
1  39831  32   7572 
1  39863  32   6760 
1  39901  38   6523 
1  39940  39   7849 
1  39977  37   7751 
1  40010  33   6905 
1  40047  37   7671 
1  40083  36   7147 
1  40118  35   7597 
1  40149  31   7291 
1  40182  33   7022 
1  40216  34   7553 
1  40248  32   7447 
1  40281  33   7582 
1  40310  29   6808 
1  40341  31   6935 
1  40373  32   7413 
1  40404  31   7512 
1  40431  27   6569 
1  40461  30   7587 
1  40490  29   6989 
1  40519  29   8244 
1  40545  26   5921 
1  40573  28   7484 
1  40601  28   6165 
1  40629  28   7261 
1  40655  26   6403 
1  40680  25   6656 
1  40707  27   7701 
1  40732  25   7019 
1  40758  26   7070 
1  40781  23   6506 
1  40805  24   6401 
1  40830  25   6767 
1  40854  24   6871 
1  40874  20   5901 
1  40899  25   7333 
1  40922  23   6888 
1  40941  19   5711 
1  40958  17   6283 
0      0   1  341098 
1  40972  14   5867 
1  40987  15   6260 
1  41002  15   6853 
1  41018  16   6258 
1  41035  17   4845 
1  41055  20   7224 
1  41077  22   7011 
1  41101  24   7083 
1  41126  25   6740 
1  41156  30   7085 
1  41191  35   7557 
1  41230  39   7968 
1  41272  42   7784 
0     -1  -1  108410 
1  41310  38   6909 
1  41354  44   8214 
1  41397  43   7972 
1  41438  41   7022 
1  41475  37   7357 
1  41516  41   7928 
1  41556  40   8141 
1  41595  39   6781 
1  41671  76  15334 
1  41710  39   7879 
1  41743  33   7249 
1  41781  38   7169 
1  41819  38   8000 
1  41856  37   7496 
1  41888  32   6132 
1  41925  37   7966 
1  41961  36   7471 
1  41997  36   7460 
1  42030  33   6826 
1  42066  36   7872 
1  42101  35   7781 
1  42138  37   7932 
1  42172  34   7685 
1  42204  32   5964 
1  42238  34   6813 
1  42275  37   8247 
1  42309  34   8202 
1  42341  32   6276 
1  42375  34   7161 
1  42410  35   7513 
1  42444  34   7118 
1  42474  30   6832 
1  42503  29   8174 
0      0   1  283425 
1  42530  27   7157 
1  42558  28   6591 
1  42588  30   7168 
1  42618  30   7207 
1  42655  37   7906 
1  42694  39   7881 
0     -1  -1  50017 
1  42737  43   8196 
1  42773  36   7267 
1  42814  41   8243 
1  42855  41   7865 
1  42895  40   7757 
1  42931  36   7150 
1  42970  39   7170 
1  43009  39   7788 
1  43047  38   5679 
1  43086  39   7645 
1  43120  34   7368 
1  43158  38   8225 
1  43195  37   7762 
1  43232  37   6728 
1  43266  34   7499 
1  43303  37   7497 
1  43340  37   7863 
1  43376  36   7783 
1  43407  31   6991 
1  43444  37   7594 
1  43479  35   7802 
1  43515  36   7500 
1  43550  35   7514 
1  43582  32   6693 
1  43616  34   8237 
1  43651  35   7048 
1  43685  34   7829 
1  43716  31   6275 
1  43750  34   7595 
1  43784  34   7957 
1  43817  33   8072 
1  43846  29   6576 
1  43879  33   7582 
1  43910  31   7110 
1  43942  32   7186 
1  43973  31   7099 
1  44001  28   7231 
1  44031  30   6934 
1  44059  28   6971 
1  44083  24   6772 
0      0   1  332873 
1  44103  20   6228 
1  44125  22   6575 
1  44148  23   7668 
1  44173  25   7062 
1  44198  25   6259 
1  44230  32   7657 
1  44266  36   7823 
0     -1  -1  58900 
1  44306  40   7934 
1  44346  40   7321 
1  44383  37   6799 
1  44423  40   8206 
1  44462  39   7739 
1  44501  39   8250 
1  44536  35   6733 
1  44574  38   8134 
1  44611  37   7090 
1  44648  37   7862 
1  44681  33   6940 
1  44717  36   7496 
1  44754  37   8032 
1  44789  35   7391 
1  44825  36   7547 
1  44856  31   6713 
1  44891  35   7571 
1  44924  33   6618 
1  44958  34   7182 
1  44988  30   6784 
1  45021  33   7451 
1  45053  32   7091 
1  45085  32   7909 
1  45117  32   7587 
1  45145  28   6396 
1  45175  30   7402 
1  45205  30   7284 
1  45235  30   7481 
1  45261  26   7329 
1  45289  28   8123 
1  45317  28   6411 
1  45345  28   7372 
1  45369  24   6567 
1  45396  27   7590 
1  45421  25   6641 
1  45446  25   7068 
1  45471  25   7261 
1  45493  22   6298 
1  45517  24   6830 
1  45540  23   7392 
1  45561  21   6232 
0      0   1  341417 
1  45581  20   6144 
1  45604  23   7023 
1  45630  26   7009 
1  45658  28   7347 
1  45688  30   7224 
0     -1  -1  41821 
1  45723  35   7402 
1  45761  38   7414 
1  45800  39   8260 
1  45839  39   7948 
1  45872  33   6679 
1  45909  37   7503 
1  45944  35   7359 
1  45980  36   7593 
1  46010  30   6525 
1  46045  35   7662 
1  46078  33   7430 
1  46112  34   7976 
1  46141  29   6678 
1  46173  32   7365 
1  46204  31   7072 
1  46236  32   7678 
1  46267  31   7276 
1  46294  27   6558 
1  46324  30   7520 
1  46353  29   7165 
1  46382  29   7077 
1  46407  25   6600 
1  46436  29   7632 
1  46464  28   6894 
1  46490  26   6350 
1  46515  25   6608 
1  46542  27   7346 
1  46567  25   6588 
1  46594  27   7334 
1  46619  25   7122 
1  46641  22   6253 
1  46667  26   6997 
1  46691  24   6805 
1  46715  24   7204 
1  46736  21   5756 
1  46759  23   6795 
1  46782  23   7011 
1  46805  23   6872 
1  46823  18   6677 
0      0   1  324862 
1  46841  18   6660 
1  46860  19   6731 
1  46879  19   7701 
1  46900  21   6780 
1  46921  21   6115 
1  46948  27   5679 
1  46979  31   7523 
0     -1  -1  58901 
1  47015  36   8401 
1  47049  34   7166 
1  47090  41   8317 
1  47130  40   7483 
1  47169  39   7720 
1  47204  35   7419 
1  47243  39   8277 
1  47280  37   7697 
1  47318  38   7220 
1  47355  37   7915 
1  47388  33   6580 
1  47424  36   7836 
1  47460  36   7146 
1  47496  36   8343 
1  47528  32   7042 
1  47562  34   7335 
1  47598  36   8373 
1  47632  34   7471 
1  47663  31   6265 
1  47697  34   7560 
1  47731  34   7115 
1  47765  34   7947 
1  47799  34   7528 
1  47828  29   5782 
1  47861  33   7554 
1  47895  34   7496 
1  47926  31   7904 
1  47957  31   7093 
1  47988  31   6587 
1  48022  34   7714 
1  48053  31   6984 
1  48082  29   7151 
1  48114  32   7223 
1  48144  30   6996 
1  48177  33   7311 
1  48207  30   7417 
1  48235  28   6240 
1  48266  31   7348 
1  48295  29   8218 
1  48324  29   6989 
1  48351  27   6524 
1  48381  30   7407 
1  48410  29   8214 
1  48438  28   7261 
1  48463  25   6640 
1  48491  28   6419 
1  48517  26   7328 
1  48544  27   7730 
1  48570  26   7005 
1  48594  24   6158 
1  48620  26   7298 
1  48646  26   7203 
1  48671  25   6822 
1  48694  23   6489 
1  48719  25   7223 
1  48743  24   6970 
1  48768  25   6959 
1  48789  21   5736 
1  48813  24   6969 
1  48837  24   6897 
1  48860  23   6264 
1  48883  23   6882 
1  48904  21   6109 
1  48927  23   6858 
1  48949  22   6658 
1  48971  22   6794 
1  48991  20   5614 
1  49013  22   6940 
1  49035  22   6908 
1  49057  22   7677 
1  49076  19   5972 
1  49097  21   6765 
1  49117  20   6209 
1  49138  21   6655 
1  49157  19   5297 
1  49175  18   5996 
1  49195  20   6073 
1  49215  20   7721 
1  49234  19   7212 
1  49252  18   6078 
1  49271  19   6677 
1  49289  18   6616 
1  49308  19   6007 
1  49325  17   6803 
1  49343  18   6027 
1  49360  17   6252 
1  49377  17   6878 
1  49395  18   6805 
1  49411  16   6455 
1  49428  17   6058 
1  49445  17   7109 
1  49462  17   7166 
1  49476  14   5546 
1  49493  17   7566 
1  49523  30  11648 
1  49539  16   6097 
1  49555  16   6666 
1  49570  15   6686 
1  49583  13   5767 
1  49598  15   6135 
1  49613  15   7186 
1  49627  14   6874 
1  49640  13   6152 
1  49654  14   7327 
1  49667  13   6364 
1  49681  14   7394 
1  49692  11   5413 
1  49705  13   6822 
1  49718  13   6250 
1  49731  13   7497 
1  49743  12   6481 
1  49753  10   5699 
1  49765  12   7213 
1  49777  12   7790 
1  49788  11   6593 
1  49798  10   6451 
1  49808  10   6317 
1  49819  11   8767 
1  49829  10   8200 
1  49838   9   7350 
1  49848  10   8356 
1  49857   9   5377 
1  49866   9   8010 
1  49875   9   8222 
1  49883   8   6896 
1  49891   8   6807 
1  49899   8   7436 
1  49907   8   7587 
1  49914   7   6994 
1  49922   8   8289 
1  49929   7   7489 
1  49936   7   7353 
1  49942   6   6607 
1  49949   7   8088 
1  49955   6   6935 
1  49962   7   8184 
1  49968   6   7476 
1  49973   5   6070 
1  49978   5   7463 
1  49984   6   7992 
1  49989   5   7715 
1  49994   5   7126 
1  49999   5   8408 
1  50004   5   8616 
1  50009   5   7684 
1  50013   4   7224 
1  50017   4   7372 
1  50021   4   8195 
1  50025   4   7854 
1  50029   4   7515 
1  50032   3   7339 
1  50036   4   7867 
1  50039   3   7159 
1  50042   3   8537 
1  50045   3   7417 
1  50047   2   7776 
0     -2  -1  1308577 
1  50050   3   8534 
0     -4  -2   8532 
1  50053   3   9362 
0     -6  -2   7205 
1  50055   2   6804 
0    -10  -4   8131 
1  50057   2   7832 
0    -15  -5   7542 
1  50059   2   8078 
0    -22  -7   7935 
1  50060   1   8038 
0    -31  -9   5875 
1  50062   2   8539 
0    -41  -10   5657 
1  50063   1   7679 
0    -55  -14   7327 
1  50065   2   9360 
0    -71  -16   6656 
1  50066   1   7372 
0    -88  -17   6907 
1  50067   1   8538 
0   -106  -18   7010 
0   -127  -21   6653 
1  50068   1  16216 
0   -150  -23   6909 
0   -176  -26   7977 
1  50069   1  16734 
0   -200  -24   6110 
0   -230  -30   7335 
0   -263  -33   7902 
0   -298  -35   7800 
0   -337  -39   6769 
0   -375  -38   6660 
0   -423  -48   8358 
1  50068  -1  57699 
0   -473  -50   8045 
0   -527  -54   8316 
0   -576  -49   7297 
0   -631  -55   8225 
0   -683  -52   8085 
0   -737  -54   8300 
0   -785  -48   7265 
0   -840  -55   8210 
0   -894  -54   8255 
0   -948  -54   8152 
0  -1002  -54   8223 
0  -1050  -48   7311 
1  50067  -1  99528 
0  -1103  -53   8174 
0  -1156  -53   8254 
0  -1208  -52   8170 
1  50066  -1  25805 
0  -1309  -101  15985 
0  -1354  -45   7243 
1  50065  -1  23397 
0  -1405  -51   8205 
0  -1456  -51   8272 
0  -1505  -49   7789 
0  -1555  -50   8220 
1  50064  -1  33805 
0  -1599  -44   7340 
0  -1648  -49   7730 
0  -1698  -50   8353 
0  -1746  -48   7845 
0  -1788  -42   6831 
0  -1837  -49   8295 
0  -1885  -48   8188 
1  50063  -1  58039 
0  -1933  -48   8181 
0  -1977  -44   7402 
0  -2026  -49   8229 
0  -2073  -47   8088 
0  -2121  -48   7808 
0  -2171  -50   8370 
0  -2213  -42   6816 
0  -2262  -49   8320 
0  -2311  -49   8080 
0  -2360  -49   8229 
0  -2402  -42   7412 
0  -2448  -46   7394 
0  -2489  -41   8304 
0  -2525  -36   7455 
0  -2547  -22   6081 
0  -2565  -18   6749 
1  50062  -1  133150 
0  -2581  -16   6159 
0  -2597  -16   7588 
1  50061  -1  17075 
0  -2615  -18   7175 
0  -2633  -18   6988 
0  -2658  -25   6383 
0  -2687  -29   7116 
0  -2720  -33   7535 
0  -2752  -32   5572 
0  -2792  -40   8240 
0  -2838  -46   8362 
0  -2887  -49   7752 
0  -2934  -47   7354 
0  -2988  -54   8174 
1  50062   1  90980 
0  -3042  -54   8266 
0  -3096  -54   8191 
0  -3149  -53   8218 
0  -3196  -47   7191 
0  -3249  -53   8199 
0  -3302  -53   8230 
0  -3355  -53   8187 
0  -3404  -49   7405 
0  -3457  -53   8090 
0  -3510  -53   8321 
0  -3563  -53   8152 
1  50061  -1  91834 
0  -3612  -49   7296 
0  -3665  -53   8173 
0  -3720  -55   8230 
0  -3773  -53   8278 
0  -3827  -54   8121 
0  -3875  -48   7338 
0  -3929  -54   7850 
0  -3984  -55   8281 
0  -4036  -52   8075 
0  -4082  -46   7348 
0  -4135  -53   8228 
0  -4188  -53   8215 
0  -4238  -50   8202 
0  -4290  -52   8186 
0  -4335  -45   7328 
0  -4385  -50   8170 
0  -4435  -50   8140 
0  -4485  -50   8286 
0  -4529  -44   7246 
0  -4579  -50   8284 
0  -4628  -49   8157 
0  -4677  -49   8238 
0  -4721  -44   7284 
0  -4771  -50   8276 
0  -4820  -49   8121 
1  50060  -1  207892 
0  -4869  -49   8225 
0  -4915  -46   8145 
0  -4947  -32   6580 
0  -4973  -26   7323 
0  -4992  -19   6757 
0  -5009  -17   5981 
1  50059  -1  50017 
0  -5025  -16   5946 
1  50058  -1   7705 
0  -5049  -24   7766 
0  -5079  -30   6303 
0  -5117  -38   7030 
0  -5153  -36   6629 
0  -5195  -42   7714 
0  -5238  -43   7610 
1  50059   1  50421 
0  -5280  -42   7090 
0  -5322  -42   7915 
0  -5361  -39   7033 
0  -5404  -43   8271 
0  -5446  -42   7395 
0  -5488  -42   7837 
1  50060   1  49597 
0  -5526  -38   7444 
0  -5568  -42   7503 
0  -5609  -41   7790 
0  -5650  -41   7836 
0  -5687  -37   7043 
0  -5727  -40   8136 
0  -5767  -40   8153 
0  -5807  -40   8312 
0  -5846  -39   6883 
1  50059  -1  75108 
0  -5880  -34   6109 
0  -5919  -39   8321 
0  -5957  -38   8188 
1  50058  -1  24752 
0  -5995  -38   8263 
0  -6028  -33   5503 
0  -6065  -37   7123 
0  -6103  -38   7234 
1  50057  -1  32946 
0  -6140  -37   7945 
0  -6173  -33   6622 
0  -6209  -36   7370 
0  -6247  -38   6612 
0  -6283  -36   7744 
0  -6320  -37   7525 
0  -6355  -35   6306 
0  -6392  -37   7928 
0  -6428  -36   7945 
0  -6463  -35   7314 
0  -6497  -34   7506 
0  -6533  -36   7754 
0  -6571  -38   7944 
0  -6607  -36   7018 
0  -6640  -33   6711 
0  -6675  -35   6755 
0  -6706  -31   8392 
0  -6729  -23   6838 
0  -6745  -16   6656 
0  -6758  -13   6666 
1  50056  -1  166418 
0  -6772  -14   6782 
0  -6787  -15   7365 
0  -6804  -17   6761 
0  -6822  -18   6417 
0  -6847  -25   8168 
0  -6875  -28   7308 
0  -6908  -33   7636 
0  -6946  -38   6916 
0  -6984  -38   6983 
0  -7032  -48   8190 
0  -7083  -51   8164 
0  -7136  -53   8273 
0  -7182  -46   6883 
0  -7235  -53   8217 
0  -7287  -52   8200 
1  50057   1  125807 
0  -7338  -51   8197 
0  -7385  -47   7357 
0  -7437  -52   8185 
0  -7488  -51   8203 
0  -7538  -50   8130 
0  -7589  -51   8250 
0  -7634  -45   7349 
0  -7684  -50   8119 
0  -7736  -52   8279 
0  -7787  -51   8147 
0  -7831  -44   7307 
0  -7882  -51   8205 
0  -7934  -52   7927 
1  50056  -1  107713 
0  -7985  -51   8224 
0  -8031  -46   7265 
0  -8082  -51   8184 
0  -8134  -52   8180 
1  50055  -1  32930 
0  -8182  -48   8177 
0  -8233  -51   8218 
0  -8278  -45   7328 
0  -8328  -50   8220 
0  -8378  -50   8234 
0  -8427  -49   8141 
1  50054  -1  50363 
0  -8472  -45   7378 
0  -8520  -48   8207 
0  -8567  -47   7708 
0  -8615  -48   8329 
0  -8657  -42   7251 
0  -8704  -47   8196 
0  -8751  -47   8229 
0  -8797  -46   7802 
0  -8844  -47   8245 
0  -8885  -41   7041 
0  -8931  -46   8219 
0  -8976  -45   7456 
0  -9022  -46   7825 
0  -9062  -40   7308 
0  -9108  -46   8235 
0  -9154  -46   8167 
0  -9200  -46   8250 
0  -9240  -40   6868 
0  -9277  -37   8353 
1  50055   1  157875 
0  -9308  -31   7789 
0  -9330  -22   6671 
1  50054  -1  17077 
0  -9350  -20   6867 
0  -9368  -18   6108 
0  -9387  -19   5841 
1  50053  -1  24755 
0  -9410  -23   7430 
0  -9436  -26   6752 
1  50054   1  17073 
0  -9462  -26   7152 
0  -9495  -33   7358 
0  -9531  -36   7541 
0  -9572  -41   7622 
0  -9611  -39   7007 
0  -9660  -49   8189 
0  -9715  -55   8249 
0  -9773  -58   8164 
0  -9839  -66   8212 
0  -9897  -58   7281 
0  -9964  -67   8194 
0  -10029  -65   8237 
0  -10093  -64   8148 
0  -10151  -58   7357 
0  -10215  -64   8209 
0  -10279  -64   8201 
0  -10342  -63   8179 
0  -10399  -57   7321 
1  50055   1  149010 
0  -10462  -63   8172 
0  -10526  -64   8268 
0  -10590  -64   8193 
0  -10655  -65   8101 
0  -10713  -58   7368 
0  -10777  -64   8244 
0  -10842  -65   8199 
0  -10908  -66   8163 
1  50054  -1  67423 
0  -10965  -57   7304 
0  -11030  -65   8234 
0  -11094  -64   8223 
1  50053  -1  24744 
0  -11158  -64   8190 
0  -11221  -63   8061 
0  -11279  -58   7395 
0  -11343  -64   8239 
0  -11405  -62   8219 
0  -11465  -60   8136 
0  -11520  -55   7396 
0  -11580  -60   8192 
0  -11639  -59   8163 
0  -11697  -58   8103 
0  -11750  -53   7447 
0  -11808  -58   8149 
0  -11866  -58   8188 
0  -11924  -58   8265 
0  -11981  -57   8135 
0  -12033  -52   7339 
0  -12091  -58   8199 
0  -12150  -59   8154 
0  -12207  -57   8145 
0  -12259  -52   7459 
0  -12317  -58   8178 
0  -12375  -58   8140 
0  -12433  -58   8163 
0  -12481  -48   6598 
0  -12524  -43   8248 
0  -12558  -34   7632 
0  -12587  -29   7444 
1  50052  -1  225314 
0  -12615  -28   6771 
1  50051  -1   8682 
0  -12640  -25   5119 
0  -12672  -32   7786 
0  -12707  -35   7002 
0  -12748  -41   7986 
0  -12789  -41   7373 
1  50052   1  40480 
0  -12838  -49   8124 
0  -12892  -54   8230 
0  -12950  -58   8223 
0  -13005  -55   7365 
0  -13065  -60   8133 
1  50053   1  41983 
0  -13125  -60   8219 
0  -13185  -60   8154 
0  -13245  -60   8249 
1  50054   1  25110 
0  -13297  -52   7254 
0  -13357  -60   8284 
0  -13416  -59   8224 
0  -13475  -59   8098 
0  -13528  -53   7331 
0  -13587  -59   8173 
1  50053  -1  49154 
0  -13647  -60   8205 
0  -13707  -60   8270 
0  -13760  -53   7252 
0  -13824  -64   8306 
0  -13881  -57   8119 
1  50052  -1  41824 
0  -13940  -59   8230 
0  -13999  -59   8117 
0  -14052  -53   7332 
1  50051  -1  24751 
0  -14112  -60   8231 
0  -14169  -57   8177 
0  -14228  -59   8275 
0  -14279  -51   7320 
1  50050  -1  33288 
0  -14335  -56   8105 
0  -14392  -57   8305 
0  -14448  -56   8211 
0  -14498  -50   7341 
0  -14553  -55   8147 
0  -14608  -55   8099 
0  -14663  -55   8331 
0  -14717  -54   8065 
0  -14767  -50   7486 
0  -14821  -54   8148 
0  -14875  -54   8141 
1  50051   1  92178 
0  -14931  -56   8277 
0  -14980  -49   7203 
0  -15035  -55   8335 
0  -15090  -55   8203 
0  -15145  -55   8124 
0  -15201  -56   8253 
0  -15251  -50   7230 
0  -15306  -55   8261 
0  -15361  -55   8100 
0  -15417  -56   8193 
0  -15468  -51   7387 
0  -15523  -55   8224 
0  -15578  -55   8242 
0  -15632  -54   8117 
0  -15681  -49   7426 
0  -15734  -53   8111 
0  -15788  -54   8264 
0  -15840  -52   8161 
0  -15892  -52   8140 
0  -15937  -45   7325 
0  -15981  -44   7928 
0  -16019  -38   7766 
0  -16049  -30   7225 
1  50050  -1  192029 
0  -16070  -21   6259 
0  -16093  -23   7200 
1  50049  -1  15876 
0  -16116  -23   6290 
0  -16142  -26   6988 
0  -16168  -26   6288 
0  -16200  -32   7517 
0  -16237  -37   8019 
0  -16276  -39   8108 
0  -16320  -44   7886 
0  -16364  -44   7360 
0  -16420  -56   8146 
0  -16479  -59   8164 
0  -16541  -62   8288 
0  -16597  -56   7314 
0  -16661  -64   8167 
0  -16723  -62   8213 
0  -16785  -62   8182 
1  50050   1  125127 
0  -16839  -54   7287 
0  -16902  -63   8277 
0  -16964  -62   8086 
0  -17026  -62   8316 
0  -17087  -61   8134 
0  -17142  -55   7407 
0  -17201  -59   8090 
0  -17260  -59   8196 
0  -17320  -60   8309 
0  -17371  -51   7195 
0  -17429  -58   8282 
0  -17486  -57   8144 
0  -17543  -57   8192 
0  -17594  -51   7406 
0  -17650  -56   8164 
1  50049  -1  124612 
0  -17707  -57   8255 
0  -17764  -57   8209 
0  -17820  -56   8161 
0  -17872  -52   7264 
0  -17928  -56   8216 
0  -17984  -56   8240 
0  -18041  -57   8138 
0  -18093  -52   7404 
0  -18150  -57   8208 
0  -18207  -57   8135 
0  -18264  -57   8217 
0  -18315  -51   7241 
0  -18371  -56   8237 
0  -18427  -56   8165 
0  -18483  -56   8258 
0  -18539  -56   8229 
0  -18587  -48   7217 
0  -18641  -54   8231 
0  -18696  -55   8312 
0  -18749  -53   8153 
0  -18796  -47   7258 
0  -18849  -53   8271 
0  -18901  -52   8094 
0  -18955  -54   8338 
0  -19001  -46   7286 
0  -19052  -51   8154 
0  -19103  -51   8176 
0  -19151  -48   8159 
0  -19195  -44   8252 
0  -19229  -34   6190 
0  -19261  -32   8006 
0  -19288  -27   7013 
0  -19317  -29   8363 
1  50048  -1  275686 
0  -19341  -24   6115 
0  -19375  -34   8072 
0  -19412  -37   8108 
0  -19456  -44   8224 
0  -19500  -44   7400 
1  50049   1  40966 
0  -19556  -56   8097 
0  -19616  -60   8195 
0  -19684  -68   8231 
0  -19757  -73   8192 
0  -19825  -68   7400 
0  -19900  -75   8135 
0  -19975  -75   8229 
0  -20049  -74   8204 
0  -20114  -65   7356 
1  50050   1  75103 
0  -20186  -72   8203 
0  -20258  -72   8209 
0  -20329  -71   8166 
0  -20393  -64   7350 
0  -20464  -71   8170 
0  -20535  -71   8203 
0  -20605  -70   8183 
0  -20677  -72   8225 
0  -20741  -64   7321 
0  -20812  -71   8192 
0  -20884  -72   8158 
1  50049  -1  91835 
0  -20956  -72   8241 
0  -21022  -66   7285 
1  50048  -1  16405 
0  -21096  -74   8263 
0  -21166  -70   8127 
0  -21240  -74   8231 
0  -21311  -71   8183 
1  50047  -1  33612 
0  -21373  -62   7292 
0  -21446  -73   8275 
0  -21515  -69   8172 
0  -21585  -70   8173 
0  -21647  -62   7345 
0  -21716  -69   8240 
0  -21784  -68   8177 
0  -21852  -68   8198 
0  -21912  -60   7246 
0  -21980  -68   8216 
0  -22048  -68   8206 
0  -22117  -69   8228 
0  -22188  -71   8173 
0  -22248  -60   7289 
0  -22316  -68   8186 
0  -22389  -73   8305 
0  -22459  -70   8199 
0  -22520  -61   7221 
0  -22588  -68   8177 
0  -22658  -70   8295 
0  -22728  -70   8232 
0  -22789  -61   7303 
0  -22857  -68   8167 
0  -22925  -68   8232 
0  -22991  -66   8118 
0  -23058  -67   8281 
0  -23116  -58   7216 
0  -23181  -65   8222 
1  50048   1  233000 
0  -23246  -65   8259 
0  -23310  -64   8186 
0  -23368  -58   7388 
0  -23431  -63   8119 
0  -23495  -64   8200 
0  -23557  -62   8254 
0  -23611  -54   7231 
0  -23671  -60   8290 
1  50047  -1  66232 
0  -23720  -49   8142 
0  -23760  -40   7837 
0  -23796  -36   7411 
1  50046  -1  25895 
0  -23828  -32   6659 
0  -23865  -37   7199 
0  -23903  -38   8215 
0  -23945  -42   7799 
0  -23988  -43   7151 
0  -24039  -51   8127 
0  -24095  -56   8210 
0  -24156  -61   8243 
0  -24214  -58   7344 
0  -24282  -68   8174 
0  -24352  -70   8194 
0  -24420  -68   8154 
0  -24488  -68   8249 
1  50047   1  107757 
0  -24548  -60   7356 
0  -24614  -66   8165 
0  -24681  -67   8145 
0  -24748  -67   8223 
0  -24806  -58   7304 
0  -24872  -66   8252 
0  -24937  -65   8114 
0  -25004  -67   8273 
0  -25070  -66   8190 
0  -25129  -59   7362 
0  -25195  -66   8117 
0  -25262  -67   8245 
0  -25331  -69   8155 
0  -25389  -58   7347 
0  -25457  -68   8152 
1  50046  -1  124256 
0  -25523  -66   8195 
0  -25588  -65   8165 
0  -25648  -60   7338 
0  -25713  -65   8270 
0  -25778  -65   8216 
0  -25840  -62   8103 
0  -25904  -64   8275 
0  -25960  -56   7274 
0  -26023  -63   8227 
0  -26085  -62   8190 
0  -26147  -62   8162 
0  -26203  -56   7421 
0  -26264  -61   8176 
0  -26325  -61   8157 
0  -26387  -62   8142 
0  -26444  -57   7431 
0  -26507  -63   8231 
0  -26568  -61   8150 
0  -26631  -63   8166 
0  -26694  -63   8221 
0  -26750  -56   7360 
0  -26813  -63   8169 
0  -26876  -63   8138 
0  -26940  -64   8282 
0  -26997  -57   7322 
0  -27059  -62   8228 
0  -27121  -62   8114 
0  -27183  -62   8201 
0  -27239  -56   7350 
0  -27299  -60   8180 
0  -27359  -60   8179 
0  -27419  -60   8226 
0  -27478  -59   8150 
0  -27531  -53   7386 
0  -27590  -59   8222 
0  -27649  -59   8156 
0  -27708  -59   8173 
0  -27761  -53   7404 
0  -27820  -59   8118 
0  -27880  -60   8263 
0  -27937  -57   8114 
0  -27983  -46   7404 
0  -28027  -44   8159 
0  -28061  -34   7347 
0  -28095  -34   7236 
0  -28131  -36   7309 
1  50045  -1  384049 
0  -28163  -32   6496 
0  -28240  -77  15292 
0  -28287  -47   8256 
0  -28337  -50   8094 
1  50046   1  41008 
0  -28396  -59   8360 
0  -28459  -63   8131 
0  -28521  -62   7347 
0  -28596  -75   8248 
0  -28670  -74   8113 
0  -28744  -74   8275 
0  -28809  -65   7332 
0  -28881  -72   8154 
0  -28953  -72   8228 
0  -29024  -71   8115 
0  -29088  -64   7358 
0  -29159  -71   8165 
0  -29230  -71   8230 
0  -29301  -71   8133 
0  -29372  -71   8200 
0  -29437  -65   7326 
0  -29508  -71   8248 
0  -29580  -72   8252 
0  -29652  -72   8140 
0  -29717  -65   7400 
0  -29789  -72   8174 
0  -29861  -72   8205 
0  -29932  -71   8110 
0  -29996  -64   7396 
0  -30067  -71   8217 
1  50045  -1  208228 
0  -30136  -69   8196 
0  -30205  -69   8198 
0  -30273  -68   8134 
0  -30333  -60   7294 
0  -30401  -68   8285 
0  -30468  -67   8094 
0  -30535  -67   8250 
0  -30593  -58   7263 
0  -30660  -67   8262 
0  -30727  -67   8254 
0  -30793  -66   8113 
0  -30861  -68   8230 
0  -30921  -60   7349 
0  -30988  -67   8145 
0  -31056  -68   8224 
0  -31125  -69   8138 
0  -31188  -63   7374 
0  -31253  -65   8193 
0  -31320  -67   8221 
0  -31387  -67   8159 
0  -31446  -59   7420 
0  -31511  -65   8096 
0  -31578  -67   8296 
0  -31642  -64   8134 
0  -31705  -63   8230 
0  -31762  -57   7322 
0  -31825  -63   8161 
0  -31889  -64   8259 
0  -31951  -62   8117 
0  -32007  -56   7375 
0  -32063  -56   8140 
1  50046   1  258257 
0  -32104  -41   7397 
0  -32130  -26   7717 
1  50045  -1  17794 
0  -32153  -23   6117 
0  -32179  -26   6409 
1  50044  -1  15498 
0  -32205  -26   7652 
0  -32233  -28   7111 
0  -32268  -35   7497 
0  -32303  -35   7555 
0  -32348  -45   8147 
0  -32400  -52   8249 
0  -32457  -57   8114 
0  -32511  -54   7410 
0  -32571  -60   8145 
0  -32631  -60   8188 
1  50045   1  83653 
0  -32691  -60   8212 
0  -32746  -55   7391 
1  50046   1  16493 
0  -32805  -59   8164 
0  -32864  -59   8177 
0  -32923  -59   8213 
0  -32981  -58   8151 
0  -33032  -51   7402 
0  -33090  -58   8145 
0  -33147  -57   8235 
0  -33203  -56   8178 
1  50045  -1  66806 
0  -33252  -49   7220 
0  -33308  -56   8227 
0  -33364  -56   8274 
1  50044  -1  24753 
0  -33419  -55   8128 
0  -33468  -49   7281 
0  -33524  -56   8281 
0  -33580  -56   8238 
1  50043  -1  33288 
0  -33636  -56   8160 
0  -33693  -57   8217 
0  -33744  -51   7270 
0  -33800  -56   8211 
0  -33855  -55   8185 
0  -33914  -59   8196 
0  -33964  -50   7308 
0  -34021  -57   8296 
0  -34077  -56   8076 
0  -34133  -56   8214 
0  -34183  -50   7313 
0  -34240  -57   8265 
0  -34296  -56   8240 
0  -34352  -56   8202 
0  -34407  -55   8160 
0  -34455  -48   7301 
0  -34509  -54   8229 
0  -34562  -53   8154 
0  -34616  -54   8273 
0  -34663  -47   7340 
0  -34715  -52   8189 
0  -34767  -52   8207 
0  -34818  -51   8190 
0  -34864  -46   7336 
0  -34915  -51   8169 
0  -34965  -50   8140 
0  -35016  -51   8217 
0  -35067  -51   8210 
0  -35113  -46   7389 
0  -35166  -53   8161 
0  -35215  -49   8235 
0  -35263  -48   7717 
0  -35304  -41   7475 
0  -35340  -36   7410 
0  -35367  -27   6473 
0  -35389  -22   7251 
0  -35406  -17   4691 
1  50042  -1  308367 
0  -35427  -21   7044 
0  -35450  -23   6891 
0  -35476  -26   6755 
0  -35506  -30   7840 
0  -35536  -30   6590 
0  -35573  -37   7902 
0  -35612  -39   7097 
0  -35654  -42   8274 
0  -35694  -40   6689 
0  -35743  -49   8277 
0  -35795  -52   8143 
0  -35852  -57   8163 
0  -35906  -54   7403 
0  -35968  -62   8148 
0  -36030  -62   8227 
0  -36091  -61   8114 
0  -36152  -61   8226 
0  -36207  -55   7300 
1  50043   1  149973 
0  -36268  -61   8184 
0  -36328  -60   8233 
0  -36388  -60   8212 
0  -36441  -53   7276 
0  -36502  -61   8325 
0  -36562  -60   8118 
0  -36623  -61   8247 
0  -36684  -61   8215 
0  -36738  -54   7279 
0  -36799  -61   8220 
0  -36863  -64   8209 
0  -36921  -58   8095 
0  -36975  -54   7442 
0  -37036  -61   8214 
0  -37096  -60   8060 
1  50042  -1  125463 
0  -37156  -60   8270 
0  -37210  -54   7405 
0  -37269  -59   8182 
0  -37327  -58   8205 
0  -37384  -57   8054 
0  -37442  -58   8326 
0  -37493  -51   7337 
0  -37549  -56   8077 
0  -37606  -57   8299 
0  -37662  -56   8158 
0  -37712  -50   7327 
0  -37768  -56   8239 
0  -37824  -56   8158 
0  -37879  -55   8183 
0  -37929  -50   7377 
0  -37984  -55   8103 
0  -38042  -58   8291 
0  -38097  -55   8144 
0  -38153  -56   8140 
0  -38204  -51   7352 
0  -38261  -57   8304 
0  -38317  -56   8107 
0  -38374  -57   8197 
0  -38425  -51   7382 
0  -38482  -57   8239 
0  -38540  -58   8166 
0  -38596  -56   8187 
0  -38645  -49   7325 
0  -38700  -55   8120 
0  -38756  -56   8194 
0  -38810  -54   8262 
0  -38864  -54   8109 
0  -38912  -48   7329 
0  -38964  -52   7830 
0  -39009  -45   7979 
0  -39043  -34   7569 
0  -39068  -25   6929 
0  -39094  -26   6518 
0  -39120  -26   7148 
1  50041  -1  324839 
0  -39148  -28   7157 
0  -39177  -29   7302 
0  -39216  -39   7864 
0  -39261  -45   8260 
0  -39312  -51   8078 
0  -39371  -59   8330 
0  -39428  -57   7218 
0  -39503  -75   8317 
0  -39578  -75   8165 
0  -39657  -79   8206 
0  -39726  -69   7312 
0  -39805  -79   8189 
0  -39880  -75   8201 
1  50042   1  108394 
0  -39958  -78   8230 
0  -40027  -69   7317 
0  -40104  -77   8146 
1  50043   1  24753 
0  -40181  -77   8229 
0  -40256  -75   8232 
0  -40330  -74   8195 
0  -40396  -66   7310 
0  -40469  -73   8233 
0  -40541  -72   8134 
0  -40613  -72   8164 
0  -40678  -65   7395 
0  -40750  -72   8232 
0  -40822  -72   8172 
1  50042  -1  83302 
0  -40894  -72   8147 
0  -40967  -73   8157 
0  -41032  -65   7429 
0  -41104  -72   8128 
0  -41178  -74   8279 
0  -41252  -74   8187 
1  50041  -1  51064 
0  -41317  -65   7286 
0  -41390  -73   8212 
0  -41462  -72   8164 
0  -41534  -72   8218 
0  -41599  -65   7304 
0  -41669  -70   8270 
0  -41738  -69   8120 
1  50042   1  57324 
0  -41808  -70   8248 
0  -41876  -68   8131 
0  -41937  -61   7338 
0  -42006  -69   8249 
0  -42073  -67   8181 
0  -42140  -67   8167 
0  -42200  -60   7324 
0  -42268  -68   8288 
0  -42335  -67   8085 
0  -42403  -68   8207 
0  -42464  -61   7333 
0  -42533  -69   8237 
0  -42603  -70   8205 
0  -42671  -68   8238 
0  -42738  -67   8121 
0  -42800  -62   7380 
0  -42868  -68   8105 
0  -42936  -68   8253 
0  -43003  -67   8205 
0  -43063  -60   7319 
0  -43128  -65   8211 
0  -43193  -65   8188 
0  -43258  -65   8218 
0  -43316  -58   7376 
0  -43380  -64   8158 
0  -43444  -64   8205 
0  -43567  -123  15838 
0  -43631  -64   8198 
0  -43695  -64   8213 
0  -43752  -57   7310 
0  -43817  -65   8240 
0  -43881  -64   8240 
0  -43947  -66   8216 
0  -44004  -57   7199 
0  -44070  -66   8246 
0  -44135  -65   8210 
0  -44200  -65   8144 
0  -44267  -67   8316 
0  -44324  -57   7267 
0  -44388  -64   8163 
0  -44452  -64   8216 
1  50041  -1  349989 
0  -44516  -64   8170 
0  -44572  -56   7399 
0  -44633  -61   8142 
0  -44695  -62   8184 
0  -44757  -62   8272 
0  -44818  -61   8207 
0  -44872  -54   7240 
0  -44933  -61   8239 
0  -44993  -60   8156 
0  -45054  -61   8224 
0  -45109  -55   7366 
0  -45171  -62   8238 
0  -45235  -64   8170 
0  -45296  -61   8217 
0  -45349  -53   7251 
0  -45413  -64   8178 
0  -45476  -63   8219 
0  -45538  -62   8254 
1  50042   1  150221 
0  -45600  -62   8096 
0  -45655  -55   7361 
0  -45717  -62   8227 
0  -45779  -62   8188 
0  -45841  -62   8266 
0  -45896  -55   7312 
0  -45956  -60   8168 
0  -46016  -60   8177 
0  -46076  -60   8269 
0  -46128  -52   7192 
0  -46187  -59   8293 
0  -46245  -58   8245 
0  -46302  -57   8137 
0  -46360  -58   8255 
0  -46411  -51   7307 
0  -46467  -56   8101 
0  -46524  -57   8225 
0  -46581  -57   8292 
0  -46632  -51   7235 
0  -46691  -59   8157 
0  -46747  -56   8226 
1  50041  -1  174959 
0  -46804  -57   8242 
0  -46861  -57   8138 
0  -46913  -52   7293 
0  -46971  -58   8296 
0  -47028  -57   8118 
0  -47086  -58   8275 
0  -47137  -51   7337 
0  -47194  -57   8231 
0  -47250  -56   8143 
0  -47306  -56   8178 
0  -47357  -51   7398 
0  -47411  -54   8143 
0  -47465  -54   8149 
0  -47519  -54   8160 
0  -47573  -54   8280 
0  -47621  -48   7372 
0  -47673  -52   8087 
0  -47727  -54   8244 
0  -47780  -53   8234 
0  -47826  -46   7327 
0  -47877  -51   8095 
0  -47929  -52   8187 
0  -47982  -53   8334 
0  -48028  -46   7196 
0  -48081  -53   8344 
0  -48133  -52   8054 
0  -48186  -53   8332 
0  -48238  -52   8140 
0  -48285  -47   7342 
1  50042   1  241527 
0  -48338  -53   8235 
0  -48392  -54   8208 
0  -48445  -53   8047 
0  -48491  -46   7481 
0  -48543  -52   8083 
0  -48596  -53   7966 
0  -48647  -51   8171 
0  -48693  -46   7284 
0  -48744  -51   8176 
0  -48796  -52   8220 
0  -48845  -49   7777 
0  -48895  -50   8257 
0  -48939  -44   7311 
1  50041  -1  108391 
0  -48989  -50   8297 
0  -49037  -48   8042 
0  -49086  -49   8303 
0  -49129  -43   6888 
0  -49178  -49   8296 
0  -49226  -48   8237 
0  -49274  -48   8136 
0  -49322  -48   7925 
0  -49364  -42   7213 
1  50042   1  74759 
0  -49412  -48   7805 
0  -49461  -49   8329 
0  -49509  -48   7894 
0  -49553  -44   7271 
0  -49600  -47   8162 
0  -49648  -48   8162 
0  -49697  -49   7921 
0  -49740  -43   6887 
0  -49789  -49   8313 
0  -49837  -48   8085 
0  -49886  -49   8274 
1  50041  -1  92185 
0  -49934  -48   8238 
0  -49978  -44   7307 
0  -50028  -50   8262 
0  -50076  -48   8138 
0  -50123  -47   8105 
0  -50165  -42   7020 
0  -50213  -48   8305 
0  -50261  -48   8189 
0  -50306  -45   7786 
0  -50348  -42   7318 
0  -50393  -45   7814 
0  -50439  -46   7851 
0  -50485  -46   8322 
0  -50530  -45   7862 
0  -50570  -40   7298 
0  -50615  -45   7847 
0  -50659  -44   7737 
0  -50704  -45   8285 
0  -50744  -40   7026 
0  -50788  -44   7770 
0  -50833  -45   8336 
0  -50877  -44   8066 
0  -50917  -40   6601 
0  -50963  -46   8365 
0  -51010  -47   8166 
0  -51054  -44   7828 
0  -51098  -44   7829 
0  -51139  -41   7416 
0  -51185  -46   7688 
0  -51231  -46   8286 
0  -51276  -45   7832 
0  -51316  -40   7308 
1  50042   1  265607 
0  -51361  -45   8298 
0  -51405  -44   7492 
0  -51450  -45   8134 
0  -51491  -41   7452 
0  -51535  -44   8041 
0  -51580  -45   7972 
0  -51624  -44   7779 
0  -51668  -44   7768 
0  -51707  -39   7417 
0  -51750  -43   8190 
0  -51793  -43   7897 
0  -51836  -43   8264 
0  -51873  -37   6852 
0  -51915  -42   7890 
0  -51956  -41   7797 
0  -51997  -41   7909 
0  -52034  -37   7447 
0  -52074  -40   7480 
0  -52114  -40   7512 
0  -52153  -39   7010 
1  50041  -1  167291 
0  -52193  -40   7563 
0  -52228  -35   6961 
0  -52268  -40   8032 
0  -52307  -39   8084 
0  -52346  -39   8222 
0  -52381  -35   6899 
0  -52422  -41   7962 
0  -52462  -40   7797 
0  -52500  -38   7159 
0  -52535  -35   7391 
0  -52575  -40   8273 
0  -52613  -38   6281 
0  -52654  -41   7376 
0  -52693  -39   7484 
0  -52728  -35   6870 
0  -52768  -40   7653 
0  -52807  -39   8107 
0  -52846  -39   8188 
0  -52881  -35   6589 
0  -52920  -39   8024 
